100
3000 135 0.5511401553868309
1281 107 0.8554390281918967
2715 9 0.6600502810949636
108 5 0.8271332798371511
3000 1235 0.9966125411381052
2504 71 0.8685331010131113
310 28 0.549790179265626
3000 195 0.8184633788266845
1966 131 0.7451116057492349
3000 94 0.8689874881448595
2509 199 0.6852840289625274
301 17 0.8920021303855867
2127 212 0.6104342527514637
1626 11 0.9665002222762331
580 40 0.5323848799892076
619 16 0.7522812732377886
3000 835 0.9304641233983514
2973 180 0.5492925581220062
1817 91 0.8480294379817215
1277 84 0.5281795396618607
10 5 0.9
2772 157 0.7993674366833572
2 1 0.5
10 5 0.1
1184 27 0.6956822204418869
184 14 0.7347405249181647
225 2 0.6780451225162889
949 32 0.660591763871422
870 3 0.6950578028601297
3000 2462 0.9151227339986332
1955 151 0.5602392142886337
1830 156 0.9041155517689629
3000 125 0.919826528587413
3000 148 0.9286954412715177
1650 19 0.5949213049477194
2337 130 0.6351210981814717
2220 14 0.5802514048791076
1419 14 0.812037008609856
3000 132 0.9234418745440136
1102 92 0.6995840712669159
3000 50 0.987
1485 93 0.5120827205418934
1587 60 0.9772950175493536
221 5 0.5488054366573167
2907 260 0.8420649882779612
1746 67 0.7009253321334493
170 8 0.6319017675821561
3000 27 0.8186760818824159
2099 164 0.8526301231893367
3000 48 0.815240333295067
3000 6 0.6128288993437406
1849 132 0.9615462052554384
798 17 0.5542864584272762
13 1 0.9458378139664805
1663 78 0.7687146954912956
2 1 0.4
2127 96 0.8745616405293963
2499 109 0.8733851251749092
3000 43 0.8371587587474507
2553 210 0.8811288188540778
970 11 0.7914255490148022
778 77 0.7942097176204908
1506 148 0.634822730113545
3000 121 0.9980522144494091
2845 274 0.7522016062890933
1682 136 0.7030610245850939
897 48 0.7122661388376943
3000 39 0.6214264176481694
645 59 0.86224499012941
2253 180 0.8295270551782878
1707 111 0.7393655638204133
3000 50 0.123
972 59 0.5144525344188575
2431 232 0.7440721922549706
1059 22 0.5108948077060458
3000 1757 0.9670775954951097
2645 164 0.5882337345000412
1 1 0.4
3000 160 0.6579502846146681
1685 29 0.7423613183352145
2972 236 0.9681945885298201
1876 65 0.6203153429160364
1184 75 0.6250776921074008
346 7 0.9773631934367102
2357 89 0.5733587844996094
1 2 0.4
3000 68 0.883581865722848
2130 125 0.7614268866317455
2005 44 0.8077250250873409
991 8 0.8433911929712032
3000 854 0.9720202238293681
2671 217 0.6934198783275329
826 14 0.7777110289815001
733 65 0.9508436052200189
2996 70 0.9707763856088538
10 12 0.5
1660 69 0.7276434923661332
806 3 0.6110579784569348
3000 62 0.54049556192781
465 7 0.6828222147105694
