1000
261
834
690
770
863
21
663
726
272
230
384
733
457
183
372
222
121
80
382
479
426
367
840
699
72
182
643
481
961
57
360
153
161
917
565
989
474
108
542
270
752
701
693
118
509
582
677
735
697
23
639
225
553
594
932
817
795
115
467
367
828
446
534
198
461
467
934
242
122
981
702
375
942
542
737
770
942
449
318
7
758
389
909
369
967
937
710
163
823
152
887
309
119
765
143
325
124
574
415
69
266
701
659
827
46
260
853
980
529
831
206
391
134
754
541
192
579
217
767
842
100
506
509
942
833
456
349
48
885
226
734
609
916
524
457
309
511
163
667
632
374
101
740
84
155
282
763
51
947
739
938
307
17
329
665
978
479
790
738
819
559
660
979
718
508
490
187
210
865
886
775
471
624
533
623
277
510
66
97
361
773
442
578
329
614
5
277
411
106
547
967
181
807
626
348
554
256
74
610
630
802
567
243
422
865
182
517
617
674
728
222
466
138
102
472
112
24
793
602
860
858
282
181
828
177
173
518
641
764
316
325
587
881
588
776
310
671
491
81
163
111
121
7
751
283
388
241
617
590
523
124
351
198
721
443
860
273
523
107
633
8
633
153
334
346
472
908
799
175
302
805
392
125
154
679
367
587
342
348
729
821
955
928
421
186
657
393
965
626
328
635
338
88
460
158
957
185
453
354
120
921
249
16
540
187
21
362
183
735
368
584
511
129
406
780
301
898
186
885
394
225
855
552
227
890
582
378
707
735
911
694
991
473
570
567
6
551
229
585
806
192
519
625
617
904
125
302
760
696
316
807
822
324
454
98
926
226
968
442
757
977
395
825
765
968
242
251
513
619
889
717
49
837
879
847
876
642
388
995
869
988
427
930
137
782
235
109
889
740
297
837
641
847
665
649
4
87
215
620
508
55
845
772
447
435
367
978
213
314
429
20
313
814
762
460
377
395
988
418
539
698
341
752
911
664
606
104
123
983
621
688
930
89
104
107
970
346
248
414
508
76
679
866
176
75
893
256
481
37
327
22
544
918
889
679
238
376
457
175
946
98
6
611
358
765
116
171
471
727
85
311
203
80
543
719
648
425
11
370
810
556
659
655
266
319
445
250
498
312
362
668
615
230
135
166
32
448
623
67
919
178
60
566
8
473
856
563
488
100
416
792
395
48
206
512
163
317
57
286
77
694
513
370
902
332
788
77
76
379
536
723
20
925
728
582
964
616
644
125
675
365
923
449
721
397
501
821
34
412
58
278
306
247
251
708
401
788
463
17
185
381
718
76
829
236
882
707
434
940
17
818
617
563
218
490
222
206
453
135
654
995
893
673
203
600
297
563
327
190
663
386
782
596
377
79
748
318
726
1000
993
485
507
363
932
811
113
614
331
649
982
763
36
247
464
124
795
844
642
363
476
380
653
198
72
797
288
204
952
416
313
59
400
723
809
293
819
638
258
212
355
487
982
109
726
432
968
637
549
236
801
311
49
818
868
966
665
870
112
20
467
242
815
179
366
246
341
485
981
424
227
297
650
17
751
169
509
128
567
17
121
537
831
352
228
304
286
297
462
401
952
317
332
563
439
145
223
675
395
303
677
3
220
746
243
582
629
5
576
301
323
499
807
104
872
316
740
76
403
128
960
384
382
91
749
430
565
754
339
208
422
678
257
271
121
183
998
591
139
416
583
39
608
509
45
771
227
429
81
560
640
490
453
608
352
747
821
489
830
811
748
150
404
536
135
969
127
462
245
340
233
87
382
600
821
679
357
381
390
362
364
50
952
185
698
346
299
522
1
203
560
834
803
942
888
204
483
680
542
153
541
564
583
641
915
943
333
835
68
591
385
971
436
962
511
629
411
250
851
178
787
758
847
972
790
259
141
972
325
882
724
293
707
688
368
563
870
549
955
91
108
664
736
269
529
627
267
808
300
732
346
940
528
141
85
395
259
508
867
302
352
743
855
454
307
844
730
867
790
634
687
57
650
659
647
851
219
811
880
750
441
321
81
857
832
25
171
908
520
328
907
271
474
754
779
239
829
705
819
637
446
999
672
539
489
123
917
715
22
608
556
783
881
408
501
78
356
785
123
145
60
646
696
973
659
704
274
818
853
626
175
363
38
42
503
729
109
627
165
48
524
344
599
963
565
15
402
760
122
738
730
60
506
158
732
527
175
793
341
997
494
747
962
261
172
112
53
498
476
87
967
170
557
652
562
559
554
792
257
261
275
74
853
104
325
831
998
18
172
921
664
86
327
710
870
973
38
16
658
76
575
621
462
76
277
691
194
140
419
829
151
753
676
466
85
67
799
687
499
396
368
43
635
180
229
258
656
385
926
429
151
462
312
257
580
152
594
560
621
905
752
835
197
351
847
488
746
945
608
599
594
709
209
567
255
986
365
696
628
459
952
302
958
319
872
270
136
987
200
290
348
757
620
879
156
489
999
247
682
108
617
652
950
594
527
815
586
368
177
846
693
826
136
46
652
287
749
600
159
802
701
43
129
551
660
997
51
545
58
400
710
332
479
666
39
830
742
741
767
179
23
582
494
613
946
481
610
224
321
179
838
577
797
715
648
578
722
555
579
106
505
727
602
826
397
698
923
624
142
119
806
450
27
107
205
891
161
464
282
172
13
476
222
476
330
161
109
835
945
188
445
532
792
221
53
611
176
170
940
334
928
854
454
669
893
981
698
665
615
578
879
790
123
886
970
411
883
443
419
879
779
504
30
931
66
722
562
927
146
592
173
584
63
519
580
735
236
398
872
955
917
770
206
647
183
789
533
776
561
364
967
919
942
138
177
587
362
536
652
545
910
652
778
669
225
65
385
33
695
481
773
847
667
59
334
446
778
284
189
797
453
387
512
857
456
58
339
880
213
861
519
740
599
577
240
373
689
8
283
232
518
675
220
465
600
87
822
587
619
352
427
894
332
450
782
924
965
825
641
426
297
68
5
489
736
129
254
357
58
876
439
887
122
283
828
203
760
126
214
545
356
229
587
143
142
962
154
882
31
77
443
825
679
632
302
587
704
792
353
404
881
176
513
12
828
688
93
74
945
961
766
648
226
438
340
457
670
764
778
62
925
224
891
651
965
881
527
257
409
373
546
523
770
397
53
492
849
344
433
507
871
249
210
291
262
84
256
710
52
807
588
925
338
580
683
799
577
659
566
393
476
140
844
200
874
583
909
638
584
977
228
769
861
428
742
20
438
869
246
990
891
473
619
685
659
999
172
287
385
878
512
638
319
849
505
851
635
922
37
290
13
901
75
975
64
868
532
685
487
622
83
94
537
327
208
801
168
723
320
983
354
188
333
619
816
446
24
690
787
74
774
934
980
139
419
477
101
242
103
863
81
361
172
965
316
591
748
463
345
698
300
815
531
980
655
203
654
202
217
564
642
575
658
997
489
661
611
161
880
630
448
40
171
505
81
857
815
248
239
857
410
137
112
109
917
197
211
156
557
793
818
316
342
318
918
215
52
415
313
41
891
283
657
858
825
429
340
849
160
377
200
480
307
253
171
117
380
885
900
397
863
223
846
132
983
616
129
336
818
550
771
820
98
505
258
93
692
103
688
751
684
850
128
471
124
135
252
647
801
800
675
680
543
292
87
132
409
140
779
968
154
891
548
699
746
862
492
806
829
118
206
505
274
289
718
369
469
719
894
555
674
996
583
934
365
550
762
445
268
14
14
655
307
165
740
87
456
645
860
43
46
146
939
410
436
953
863
933
774
915
726
682
673
555
649
22
67
851
209
493
555
653
153
201
587
891
844
18
43
571
949
375
430
771
147
461
448
890
314
680
131
117
867
793
942
721
684
148
106
786
419
918
54
223
365
438
645
488
124
533
776
616
960
95
309
453
551
766
707
179
174
847
554
753
733
958
453
834
456
51
188
681
543
195
97
970
140
20
700
490
583
71
950
584
360
334
865
264
317
748
286
150
678
983
678
342
300
451
514
275
837
671
978
904
658
689
234
936
61
881
258
58
246
589
277
851
968
335
478
292
944
851
44
636
887
856
407
124
98
672
700
385
717
94
695
503
330
516
309
544
241
427
450
869
250
835
354
240
825
669
487
296
375
248
824
73
615
261
229
849
374
511
137
855
810
344
900
396
825
123
40
506
297
232
225
670
120
407
101
248
446
69
785
557
870
887
397
464
506
288
757
142
662
74
926
493
280
734
771
291
987
252
413
617
410
843
606
174
687
595
474
74
663
876
917
969
585
261
870
815
467
19
634
1
420
78
341
164
458
704
450
386
803
215
345
518
664
904
743
401
286
410
831
73
607
402
952
326
251
154
720
165
391
921
413
408
968
301
839
713
12
384
231
472
950
340
803
180
224
273
599
540
727
606
334
696
876
371
415
526
489
775
939
61
491
184
216
397
495
51
817
385
64
32
140
14
491
72
171
422
338
785
443
908
895
955
847
984
405
505
696
319
194
582
724
105
522
575
899
187
750
812
509
259
909
827
518
83
1
945
294
835
256
577
818
532
216
95
463
866
169
386
424
4
381
393
828
276
967
671
174
