100
779
115
213
185
514
448
989
6
716
318
654
242
92
838
169
503
677
435
489
881
151
837
172
935
258
474
943
211
370
735
701
507
605
239
307
239
903
507
617
107
484
82
663
370
223
142
268
617
888
398
164
391
4
57
904
602
369
871
621
575
726
126
562
37
333
194
504
572
232
224
947
601
122
344
55
525
227
322
721
265
38
875
372
121
555
500
438
803
575
65
459
575
108
132
303
845
256
476
841
568
277
566
128
445
768
126
331
199
873
280
517
199
912
509
594
770
833
586
286
552
798
277
687
771
445
445
803
205
455
300
968
604
122
997
415
357
890
869
532
650
3
768
141
316
524
908
631
77
760
134
388
656
768
557
526
798
446
19
392
163
507
197
584
880
631
79
331
724
913
989
473
113
193
427
264
879
920
687
986
701
109
385
623
605
272
707
998
206
734
849
193
356
479
398
250
461
81
55
951
140
