Case #1:
472826.3544952
11059.9405966
7811.6959562
18313.0671231
229899229.2028023
864170500.9999999
472826.3544952
472826.3544952
88.2836338
Case #2:
239.6455716
10.0000000
1520.5457248
59926.5620980
1622.5367198
740.9586643
44.7774352
1847.5007928
6582.6290400
Case #3:
6187166.0912085
12606.6880340
90387.2151081
632627725.3157470
928486.2558598
78429.9982129
69505.4102526
53190.1983124
46813.3178171
3.4641016
Case #4:
156911.5040752
153.8895708
153.8895708
221925805.1616318
15895902.2449989
1278292.3507821
10526354.5784478
15895902.2449989
Case #5:
6849608.1789302
44885.5133292
975650704.9999999
Case #6:
48799.3903650
4723388.6530837
1382874.3444142
44570.1882428
1201012.1348745
12853703.2177874
238138050.0000000
416218225.4053468
258160.2774049
3002833.1377311
Case #7:
298201.4624612
80012.4804748
4876.3294076
1563361.6812496
79163.6644554
70600.2234612
132072.4341515
174601.2150839
Case #8:
612.5928501
1931.1402579
Case #9:
999999999.9999999
Case #10:
70847.1116252
494573.5903874
67603.1676990
291984473.1042445
654.0378102
667332.1665066
73057150.5339991
15690404.4376176
11590585.9672679
645917092.7258404
Case #11:
5724246.6753277
181.0165738
1.0000000
Case #12:
5358536.3125945
3592595.3570200
1434.6016484
4652.2772925
7553.1073901
25367.3924360
3560453.0749284
9511.7086514
33628.7400241
8467.1349300
Case #13:
9.0000000
637622.2382796
637622.2382796
Case #14:
27109.5702659
185255.1093824
37660.4826987
24524.9873606
451280.4002763
272358.4132943
44557.5315243
419877.5840587
Case #15:
2.8844991
1355.1513421
141.9913979
4.0000000
3024.0593432
2.4494897
349.5655792
Case #16:
5.0000000
18169.9382005
1592.6792172
17698.5075407
5.0000000
6006.9531649
6797.3136120
Case #17:
965.4023847
93.9785676
52762.5932266
1967.4687472
4429.9300612
10051.3142896
10614.7872838
1772.3959687
1512.6019107
Case #18:
1459.0146602
2387.3180456
38560.0199949
2387.3180456
1095.7183747
86.1539085
1744.5175622
11086.7543943
11086.7543943
9.0000000
Case #19:
46319.5553212
8881.2538021
15813.6196315
7667.5307771
1401.3361720
35424.5347548
6111.5024093
39358.7658343
Case #20:
375505570.9999999
36522.8584263
275727.5549840
41682.9565291
Case #21:
231853.6690897
1509506.9179687
95322.2732629
Case #22:
60093.7570967
53474.0000000
2113.3382907
420.1285518
67533.0000000
420.1285518
Case #23:
57895.5242438
882.6870160
20.1620173
634.4761619
56558.0287616
4811.2555259
341958.5834020
72670.0000000
78766.3330220
117.2096953
Case #24:
94.0874770
14625.4970078
74639.6890870
1008.8683308
47525.2862590
56.9894307
Case #25:
504713804.0588175
6.2144650
515444.7431405
31.1984748
99.5058286
6.9282032
1318593.5847019
Case #26:
11327851.9758785
695317.7186746
246246.5182864
317603.4300050
385.5359905
6943850.2749230
362462.1394038
33219.3145441
180573.7042053
362462.1394038
Case #27:
900.8358124
261.9431085
35.9582850
81.4984662
131.6031056
3216.3090838
199855.0579020
8.4852814
821.7137482
22099.7289906
Case #28:
1254140.1136641
58481.0000000
1024289.0478402
1024289.0478402
1254140.1136641
1254140.1136641
588798.7537256
588798.7537256
1024289.0478402
64302.2788476
Case #29:
9.0000000
67007.4581819
9.0000000
Case #30:
70136.5989980
16223.1937462
31599.4726525
87117.1040579
28620.3901596
8436.8933858
7809.6074718
Case #31:
25890.0000000
25890.0000000
25890.0000000
25890.0000000
25890.0000000
25890.0000000
25890.0000000
25890.0000000
25890.0000000
Case #32:
46489.2338936
16682.9148604
1950.3960712
4871.6459872
5704.6608103
315530705.9999999
Case #33:
42549.9570551
Case #34:
664402753.9999999
758501388.9999999
709894648.3559551
709894648.3559551
664402753.9999999
758501388.9999999
758501388.9999999
664402753.9999999
Case #35:
6.3245553
6.3245553
10.0000000
91558.2820940
91558.2820940
6.3245553
10.0000000
Case #36:
27518772.4597233
524364720.1176901
27518772.4597233
Case #37:
400883541.3098376
496504069.0546423
443704758.4859267
Case #38:
8.0000000
8.0000000
8.0000000
8.0000000
Case #39:
543.8769921
1356.3634447
56961.9616060
1041.8330156
40.0446517
94.9916890
5.0000000
Case #40:
217.9017748
7036.6238182
12430.4671789
2087.5490694
7036.6238182
955.0148775
Case #41:
6.0000000
85418.1410767
810695424.9999999
4.0000000
810695424.9999999
4.0000000
3078.8373113
Case #42:
2711941.2528444
80083467.0000000
Case #43:
52410722.0442177
4035275.6391888
8495.6578070
14264.3490075
295969.1852609
Case #44:
5614136.0881983
157922.6547655
3817666.6904826
Case #45:
79314.6123738
25399.1628996
Case #46:
7.0000000
Case #47:
5224.2180657
Case #48:
56810.0000000
56810.0000000
56810.0000000
56810.0000000
56810.0000000
56810.0000000
56810.0000000
56810.0000000
56810.0000000
Case #49:
490389771.9999999
2824045.2805181
28183851.0422647
1222770.7040954
6440010.4182646
1454500.8359714
41499333.5439014
339838227.9999999
6183968.2297555
479897.5879933
Case #50:
795511033.5729495
2628.8049701
3.1622777
4.4814047
Case #51:
875125508.5870471
976543790.9999999
875125508.5870471
784239951.9999999
875125508.5870471
784239951.9999999
Case #52:
3.7416574
2.4494897
3.0000000
3.7416574
2.0000000
3.7416574
2.4494897
3.0000000
7.0000000
Case #53:
79477.0000000
10771055.0000000
157062.1071122
925230.3163186
4526.0000000
79477.0000000
157062.1071122
925230.3163186
10771055.0000000
Case #54:
10.0000000
10.0000000
10.0000000
10.0000000
10.0000000
10.0000000
10.0000000
10.0000000
10.0000000
10.0000000
Case #55:
345714.9285718
8103.0570924
18981.8867343
102935.7339679
972.4607961
23842.1699341
24281.6331520
8103.0570924
181966.2244209
32009.2654852
Case #56:
13297.0000000
5108245.5223016
18651271.1129954
833105882.9999999
8725205.7619600
7840009.5366970
4934510.9231613
Case #57:
519425397.9999999
1502775.6420074
7.7459667
354.2006823
1502775.6420074
22644.1866855
1418751.7158973
576.1874695
25667.1246329
7.7459667
Case #58:
1.0000000
2.0000000
Case #59:
99724.0000000
18613.0000000
34868.8741717
43083.2080050
49494.6791826
34868.8741717
34868.8741717
43083.2080050
34868.8741717
Case #60:
4743182.5969905
8.0000000
2729.2038156
496.9438165
304892.0338178
Case #61:
1.4142136
2.4494897
Case #62:
32.0000000
32.0000000
32.0000000
32.0000000
32.0000000
32.0000000
32.0000000
32.0000000
32.0000000
Case #63:
1714412.0318492
38896.1830665
554.3955877
12877.3960898
333.6824838
1833.3641254
777.6974392
489.9186870
175.1319973
447351053.7577253
Case #64:
3.8729833
2262.8540908
Case #65:
250192375.1563949
Case #66:
4.0000000
4.0000000
4.0000000
Case #67:
899.4361496
2522.1640613
2873.1988872
3268.1877521
2873.1988872
14943.4511167
2115.3195978
5738.0400738
1340.0355128
8811.8939068
Case #68:
33432.6586092
381323818.9999999
23236.0000000
33432.6586092
Case #69:
356616.1768604
Case #70:
524626.8822138
1508959.1510049
46526.4977181
704435.3325897
132127.5854266
7501497.8302668
885148.9269901
7501497.8302668
74989.3312012
610989136.9999999
Case #71:
139.7863408
11795.6401733
127.0043192
23156.4663971
1573.0773354
127.0043192
338230344.5283170
8.0000000
47203.7087068
882115.5179031
Case #72:
812229558.9999999
1236434.1197778
813724690.9999999
1211808.7417446
44736.6636664
837613717.1212800
6168718.2443003
837613717.1212800
Case #73:
59953.3312288
Case #74:
3133.7100066
324410.0525069
34645.1958437
34645.1958437
2682.0297172
21285.2328678
194186.8863999
5350.8906122
2195849.7023540
240714688.0000000
Case #75:
326.3342844
8.0000000
6334.2106350
317.6790834
335.2252974
167.6126487
14047.0000000
Case #76:
413184.7691205
301151628.8050902
857008222.1176606
6458925.1707038
Case #77:
7.0000000
7.0000000
7.0000000
7.0000000
7.0000000
7.0000000
7.0000000
7.0000000
Case #78:
28869.3643769
Case #79:
1804.0515035
4.0000000
68035.7378143
68035.7378143
576.7841884
38312.7567528
Case #80:
834.4818752
7.0000000
834.4818752
834.4818752
Case #81:
2863.7752272
2863.7752272
1008503.7487610
60329.3092535
3.0000000
5.9160798
27199.6883806
31953.4993657
1.7320508
366047.8839960
Case #82:
448.7513496
14344978.3525637
10626.8736975
56785.0000000
10626.8736975
392010.2471712
44994.7951810
43045.5352059
63286.9362680
5959434.0974321
Case #83:
2211.0052676
Case #84:
3937.8766247
71339.8999579
217.3660507
1372.5004167
1372.5004167
Case #85:
317759.0178298
39436.6208159
366.0819580
46965.6125615
1607.4954343
4761871.0469831
90707.0000000
3.0000000
159129.5155329
66642.1388690
Case #86:
66127.4555234
54940.0000000
383083.7522802
27070.0890283
75866.0000000
63173.7653819
34825.5995500
38780.9204269
Case #87:
22167.0000000
78093.5176567
210.5564057
31184.9964164
351.7982376
872965.7237088
3000361.3927800
82525.0000000
36676.3130428
26209.5186043
Case #88:
496133638.6983771
429090867.9999999
352976.0306532
821.2654445
128526.1175487
50206.0000000
40262.0000000
437764.3869023
354353.0083811
550046.1819234
Case #89:
50577.1208841
33643.3468967
47357.8608892
42877.7628775
56547.7320071
1121150.9155566
243192.7785736
15449.8223005
15449.8223005
30385.4585832
Case #90:
1421987.9503003
4017.6047200
862171642.9999999
8.0000000
88149.0000000
91959.0000000
73295.0077576
Case #91:
5307.4300187
Case #92:
437888.2346266
437888.2346266
11661.6098374
Case #93:
4.0000000
91.4389293
5.6568542
5.6568542
15.1793170
2.0000000
Case #94:
45.2265171
101.5089172
3286641.7378181
31.1411125
74711.0000000
2.0000000
71.0508573
773.1729749
114.0651170
3286641.7378181
Case #95:
2.0000000
Case #96:
7926.8733481
395.4974266
2321.3819334
3883.9352957
451.6082373
39988.0000000
505.4538275
7926.8733481
Case #97:
508363823.9976554
561167697.9609452
Case #98:
47657.2078842
1128431.4003311
33301.0000000
442076041.9999999
Case #99:
172067.6218634
35231.0000000
3.1622777
82.8854631
35231.0000000
623.1997003
687.0000000
623.1997003
25491.4159440
2023.8892393
Case #100:
40291.8208999
22.8510343
31.9223251
51709.9629085
352.1244728
3291.7100143
608.6103524
42490.9220422
5558.5081149
645.4273736
