Case #1:
109145.3408137
93933.3232260
34408.4314821
44847.5307449
34736.9801673
36578.6457094
49527.6592874
56258.6548254
55849.9880974
6830.7277547
49896.9598273
45100.3029318
2165.2074398
45528.0158101
43105.3019454
75806.6386648
53260.2116961
34639.1558940
20756.4150018
27597.4342321
71799.5707974
68977.2831138
42750.4785490
25832.6532244
52123.1153239
95050.8081847
86072.8872954
19171.6141645
23712.4748651
63541.7747973
60376.6474954
64656.0718043
133910.2124525
72475.2768221
195193.9558251
17627.2873191
337527.2065028
28662.6903419
33959.7495751
Case #2:
831805.0000000
1289.8100635
1289.8100635
1289.8100635
1289.8100635
2.0000000
1289.8100635
1289.8100635
831805.0000000
2.0000000
831805.0000000
1289.8100635
2.0000000
1289.8100635
831805.0000000
1289.8100635
2.0000000
2.0000000
831805.0000000
831805.0000000
1289.8100635
2.0000000
2.0000000
1289.8100635
1289.8100635
2.0000000
1289.8100635
1289.8100635
1289.8100635
1289.8100635
1289.8100635
1289.8100635
1289.8100635
831805.0000000
1289.8100635
2.0000000
1289.8100635
1289.8100635
2.0000000
1289.8100635
1289.8100635
1289.8100635
2.0000000
831805.0000000
1289.8100635
1289.8100635
1289.8100635
831805.0000000
1289.8100635
2.0000000
2.0000000
1289.8100635
831805.0000000
1289.8100635
1289.8100635
831805.0000000
831805.0000000
2.0000000
1289.8100635
1289.8100635
1289.8100635
1289.8100635
831805.0000000
1289.8100635
1289.8100635
2.0000000
831805.0000000
1289.8100635
1289.8100635
1289.8100635
1289.8100635
1289.8100635
1289.8100635
1289.8100635
1289.8100635
1289.8100635
1289.8100635
2.0000000
1289.8100635
2.0000000
1289.8100635
831805.0000000
2.0000000
831805.0000000
2.0000000
831805.0000000
1289.8100635
2.0000000
1289.8100635
2.0000000
1289.8100635
Case #3:
149668.2983735
41205.4610356
19761.9896430
41262.2721298
56956.4151384
139278.9305742
2525.1672370
36329.7971012
21494.7982502
48.6557103
23302.2150807
61201.2043652
40218.7181577
23924.5575149
41262.2721298
9535601.4606207
19600.9061375
173777.4523093
18406.1302732
3570.3698871
21913.6167036
24427.5952562
20219.4112563
2541.4016682
8436.7588323
23231.3557732
109296.8037543
107879.8820445
133205.3324690
35858.6512447
304.1970494
24625.0118405
34115.7294403
35399.8814694
197.7134135
Case #4:
6325.2748620
56332.2181215
106325.0385193
283080.5536916
447763.0006053
359310.4104467
272044.1996950
33406.3120913
210920.2320035
820039.4098594
1621922.8607816
572776847.3064942
235443.6928461
1101168.6244851
Case #5:
2041.2674079
1399.3130346
1197922.4265901
35783.9803576
50094.7562395
32312.9582005
19993.5313017
139233.1311823
43833.0709598
24641.8765205
31360.5940575
12502.2858129
43391.3622841
56806.7172908
719246.5321109
18255.4840922
39843.8931475
468212.7548800
11984.6046912
85747.9419377
25569.2969727
900694.0684799
4096.8124847
53884.1211863
28698.8800019
29467.3393625
29382.6039771
111.5987188
34670.8392240
11556.0217791
57017.9643243
11110.5133375
32680.1540928
22953.5974708
82191.6266234
11260.0873938
13377.5676025
38464.8020619
32878.4595730
6371343.9835910
23664.7322191
17924.0876418
558.8420667
58339.5355243
28995.1141177
41069.0933735
94144.7765399
44341.8421519
29489.6260283
101850.7271673
29258.8818836
13586.1177540
22541.2812664
4350.0144769
1745.5297845
209.4176991
6371343.9835910
56462.8562119
11939746.5120861
4305.7310555
11539.0000000
19586.4546417
28936.8371473
65850.1399998
68156.5938807
12093.4219946
28358.8589921
9793.3324192
46978.2377519
Case #6:
29655.6657586
34609.6850894
39657.9931533
35626.2063613
31694.8911996
44383.2245621
30584.0495825
42674.2716993
27954.1526871
31533.0271776
30419.5233645
37531.4804732
33316.7604727
4014.7260219
29010.7408681
30897.0367228
12155.7573463
33754.7015532
33760.6749641
2878.3457262
29046.7475033
31427.5515495
38345.0712129
29797.7927455
30338.3740089
3564.9952364
39220.0562613
26461.3610637
31204.4280209
49589.3877038
60382.1796326
34994.7483489
12871.6823665
30081.2417770
20707.8744148
33073.7036499
50622.5911069
28548.1030371
39683.1564965
32179.7101956
28321.0396405
26242.3862649
23220.7742050
27334.6350379
40185.8591112
51404.9746387
81491.5697975
50429.4139526
3940.9164130
33061.6859456
47329.8910637
49801.7859437
62163.4148946
21794.6707793
19084.2800335
28160.2622230
83271.4970478
34250.9144516
54799.2515533
35820.5442664
33104.6696259
17808.8366560
8633.5006018
28158.3824038
38818.6173236
27226.8430826
55654.1327343
29127.7895841
33960.7639287
40161.5639617
38050.0245672
28233.0188863
13675.1174748
187728.1024885
44488.6925095
22444.5714418
20726.6436231
30413.6377205
26611.4047383
30785.7373786
24856.7529857
31866.6563786
33933.0902357
34145.9468803
42983.7789271
31369.4992448
24114.1609120
41425.0529290
31557.8600985
19071.6635971
88859.7784983
36216.3710316
33551.2943267
21496.8524901
21869.1668930
29849.5931841
155924.7053520
23352.3176597
35202.3733710
32429.9455762
Case #7:
57992.5225061
61367.4385277
48508.7760048
57963.2911136
46661.9540921
156530.7064534
44551.4734265
77528.5156914
236587.6327451
65577.1027284
37998.8173150
94931.9341579
31952.4689461
58227.9568672
54519.3791657
43975.2720920
48302.8759648
53802.5807069
55808.3665008
50893.1293230
54330.0175327
55350.6196685
52320.5253963
54728.7985181
46219.1216312
54014.1517968
53488.2342348
52667.1911445
45809.1576837
54846.5480462
50328.5296297
32990.4751003
53734.3176244
79077.0206489
55502.3447185
79860.8892066
61699.4031312
80464.9945439
62846.0471438
54638.6195851
49290.8206397
45147.9913502
50762.4076018
64079.2204241
59035.8310347
57615.6060053
67971.6736402
51547.5312181
32893.6147592
45149.2760539
75377.0758207
43483.8277082
55886.0630252
49238.3020316
56432.2021347
99369.8798357
78854.0031807
99418.1632763
50217.8123295
25273.3600130
50530.9550956
47330.5270872
46214.0112860
70869.5932431
88093.6966960
69456.6720773
77842.0192562
53722.0460448
51422.3263542
61821.5857463
58908.4324729
26688.4633878
53204.3303757
3322626.4433931
57779.0276444
50573.4088335
51672.5131650
59425.3760809
57738.3101211
116855.1588926
45270.1123604
41349.5711103
49645.2277266
45503.9933438
75001.3067768
5778.7355104
23446.1984591
47732.3891070
54539.2043632
60304.1474016
55885.3239263
59731.4064534
52071.0310049
51377.3615628
53673.3690044
44436.6692232
67339.6708076
56774.0561836
38595.7854406
55267.7915676
Case #8:
1032.6650409
29170.7083771
36302.6250305
Case #9:
5724246.6753277
181.0165738
1.0000000
Case #10:
3479.0323784
37008.5168617
21522.2161518
9043.9206984
22792.6572492
11536.1367627
576328.1240519
514.5629213
65283.0233348
14593.7139449
30.2158083
15556.5438550
6392.3944882
339.7881693
5682.3052049
5.0000000
3235.4288025
28253.4201944
69650.6630899
12122.7352062
6162.3786792
15182.4098033
1171.3705845
33064.1239637
43828.5135513
927.6163000
530.9396804
65629.0595010
12470.9350575
Case #11:
52000.8840025
107847.8363647
21544.4072575
48938.1717968
33473.0682052
17167.7371668
77484.8047584
28807.5535624
14710.1701877
26457.3915993
9273.9028625
38547.4243617
40879.6171265
43534.3406568
27217.7437689
39678.7138362
28408.1110125
19144.9513144
34149.3381420
38277.5322270
41934.3608977
249661.8922445
39315.8317545
32959.4376730
57835.0226855
44533.6935157
33469.9555456
25809.7951622
44187.1003265
67215.0122326
193036.2806490
27721.1025091
94771.5146391
48609.7078439
21305.9256254
35306.7387357
14487.6329921
25889.8228351
43150.2570922
25258.9696133
80431.3601581
56388.5281249
70556.4086898
24510.2524500
37680.7287181
26138.6194482
100918.1434465
76821.4479649
37591.0573029
67473.0708038
43390.5668886
35209.2753975
31229.0365790
41889.4852111
42233.2087819
68069.3565007
83446.8442195
30653.2689120
85664.8464706
22855.0697146
59058.9502885
38782.8856596
43529.9478982
30950.9097840
68406.3472287
25699.7673106
51708.4499161
61987.4692201
21353.0326253
24025.1346131
27930.1977437
106906.1367667
41289.4774385
35900.8549922
66338.1062511
31297.7629099
11647.8633020
75991.9818014
25455.9366526
53737.0465984
40121.5706507
195444.1738733
37075.0049023
56556.7488193
36333.3923257
25306.4818511
35397.9173352
51757.3449694
385551.2299722
32350.8711844
38963.0085260
33492.4513287
13916.9182385
29895.4105978
29777.8211852
22957.9340764
118454.4529257
48739.2513162
47468.8253115
141463.7278997
Case #12:
31598.6266556
5413.4763559
7117.1716631
12212.9532422
11336.2945816
3814.3363807
10256.1049768
26661.8269051
29929.6955475
24351.1601582
39136.9458080
41316.9690822
1540.2269785
5998.7500963
11490.7296371
5876.6704328
85922.0596231
7878.9653816
8722.9895095
7953.6397713
9131.9306883
29255.1923785
8839.0303146
6874.6144748
13749.2580994
9841.4621438
8682.9601477
13223.1540949
2942.5014064
7794.6370923
7366.7071521
6363.3218655
9801.1242893
7196.2185695
9827.4580038
4130.6925580
7216.8342915
10764.9942611
26290.3073694
60495.8412753
45328.0690806
770.3119335
12742.0901907
38060.9046587
79189.8754954
5725.3434961
5121.1115723
6138.5220441
1104.5697295
12173.4743759
44283.9859644
20070.9878783
3165.9088026
39634.1482707
49227.5577113
10491.6095410
6159.3988853
29380.1745392
10593.7733260
7.0000000
10257.0972333
8663.5139731
3065.5478827
Case #13:
131300.3700404
521296.9845621
725087.3594106
134890.3495285
82543.6480961
238316.2747556
148772.0701526
41455.5832142
75129.4687954
206916.4209347
542718.6715375
8824.4115420
370694.5659864
247.3974416
68832.9535133
17356.3997505
59101.7483592
19472.0848425
2329827.0214298
8765.6200995
23186.4010034
2384627.7034719
150457.7546290
41198.3572087
183205.0772484
263302.9160316
108263.6273721
163837.5177960
111669.0610158
287401.6375348
217771.1227124
227773.1697277
162653.4662575
17310309.1548987
3673.0307487
22719.4309564
90053.1583697
388281.7831274
575646.1119038
35749.2587310
834920.3163512
16424.3015015
180252.0883015
1641153.6769925
276026.8407904
359299.4517593
64589.6302698
352646.8979653
369461.1297014
544683.9306123
617675.7868383
164630.8273317
63861.3852134
105126.4377928
59488186.4120634
57211.9633838
224410.7117625
377134.2781053
30228.7807910
49120.7507511
165440.3509457
34795.1559468
196130.6301186
35262.4193735
191236.4403802
260307.4964586
22271.5163691
18680.4122179
33145.9830607
13234.0407387
394359.6584741
Case #14:
44025.7737558
64489.0928381
48783.9397538
76443.2037710
54567.2638597
50478.1082417
56441.0969907
92153.8322014
50158.0490836
56588.9800698
50174.2245724
21358.2598213
94586.0829277
36542.1944390
25583.0902722
135851.0886407
Case #15:
7131.2582829
2388.8763015
12507.7117523
5356.9644695
7716.6445416
5310.8708536
409296.1061268
27285.9065872
9858.5398228
7324.4245149
191.1137540
8605.5591165
14945.9597392
4559.0346911
2166709.4099873
14719.2750524
9291.0758481
10310.0095492
10682.2246967
47648.9399232
20842.1974399
8245.2918330
37937.7057169
2082.8238406
11736.9561654
11093.1363158
17805.6544113
1650.6455841
9165.3570095
12516.7402690
9761.4440366
6660.8533067
729914.8353190
264.1228969
18435.9619968
15595.8231478
13980.6385172
26635.8752712
12505.4382349
10117.9595978
13310.3814406
1147.1718908
2420.3208138
7595.9574713
16110.5356672
18212.3669703
22863.1151674
8207.1682654
3547.7791554
27445.4761451
7713.5284287
6797.4104646
1451358.6961691
2111.3968177
8613.5092353
62351.7132008
16234.9649276
2099984.8800326
42118.4461059
29486.0816111
3672.5181440
2808.9522261
55697.7091634
9217.3969144
11463.3572400
40615.9833893
7887930.8041061
4839.3524827
4047.5049330
8609.8868982
1205.5666598
8740.9299934
44453.1022926
1499.6433199
12914.9913351
3933.7573297
9173.8679265
Case #16:
19836.7266858
20992.1462937
135452.7245861
12393.9132200
3414032.6611197
16644.8502477
37567.5880204
95534.3968605
7494.8948292
320811.4874009
33865.5091007
95059.2823898
11124.2749577
302937.5366442
37389.7026484
345161.3499650
203647.8343772
87275.1635980
350572201.9999999
142718.3177175
76127.0533385
30824.5429539
92276.9672491
1363912.3150497
4011130.6648958
628486.2345363
106734.9378183
90020.5905707
330668402.9085512
802265.7123735
139137997.1865875
68074.3493832
21490.1619925
54797.3238128
133094.8365796
247822.1461193
29530.5498924
560577.3106957
23701.6790049
40312.9362458
37066.7600983
119378.6443442
34342.0873796
713946.8557040
64990.0153716
45560.4401677
1220004.3594506
35833.9266792
419824.9393781
108913.0244190
69626.7391228
1529191.0669193
16205.9960820
42116.0335252
139026.8847427
372.2257428
424651.7030352
1307844.2744068
21253.6691158
345161.3499650
36190.9502885
31347.8506396
708589.0817065
69862.9423133
8039.6125947
87502.3155753
2576864.2226806
8064.0000000
92749.6946136
45405.3773512
35650.1338766
32534.0096214
109464.0373083
51445.8166828
81260.3853510
90150.4895875
85246.0864762
105375.3891680
51732.4855151
306047.1368073
33295.6964972
61069.8533310
6321.5164457
82213.6694431
23292.2446807
92197.0000000
78036.4786494
9723.0400030
51572.0864115
37397.1461389
79807.3010229
45590.0324985
127259.5392441
44713.6792571
92218.9954711
Case #17:
18581.6722356
4615.0232135
92140.4116915
23317.2675393
2859.4360572
27071.8676713
1265.5947370
106172.2234404
22449.0191697
24210.4642078
25371.3035567
13579.5470378
37358.1836344
6018681.3153363
716.2194106
29007.1450542
55120.3741729
20730.1372301
64857.6028796
4664.2823305
171621.2980949
3511.2066045
4102.3607023
567329273.7785903
31767.5062608
13069.2571986
208248.9742191
31413.4914953
53289.2007715
21911.2514272
12981.5005384
173691.9865274
87093.7401065
79079.4175401
30530.8749197
21468.0531716
16536.7526925
16157.6789486
12766.9796245
23613.1074083
44685.3836213
43545.1344211
60607.6448974
27879.1347168
44651.5183589
14289.6883860
9419.0853437
19552.5611963
Case #18:
95298.7180482
73690.0286333
53397.6760602
5468.9670927
1459518.5355256
13687.5396440
75976.0252182
712091.8006029
4388.8182431
59311.8164007
55621.0300403
78371.2810423
2599.4894241
19826.8731115
2592.1749734
231686.1776001
55024.2221348
161047.5232470
150997.0999860
221949.3612279
10509.4385620
7101.7858467
82702.0498522
24797.4471898
54028.0450298
11827065.9944719
156385.9305076
45083.2622256
100237.4004677
11827065.9944719
28423.3231843
10239.2888452
113188.8111598
23573.9741954
63657.7987162
22777.3594017
3021027.9195381
108628.6448463
2521.2712762
1912648.1446121
107.4509168
19018.9916304
76502.9783851
21888.6767201
267035.2248855
115272.4610618
370965.5980445
175484.3357493
47106.4832978
42480.9419158
Case #19:
85033.8004269
1132.2555794
8260.5633956
311828.0107741
36747.0306738
58389.8273798
12880.1790941
6416.5691649
5394.9900268
8129.8623087
386.9214300
163740.7979306
20059.9424185
11724.6746247
16432.0997178
970.0194611
8320.3526640
15781.8445006
24048.9592710
12195.3085530
16400.3029194
109285.6025125
7037.7874304
10701.2299833
6685.7741951
30018.2293029
25156.4344855
9084.8294416
42572.1868508
16299.9955910
9816.6250731
13639.1174234
13778.1690519
11512.8379100
18504.3904050
254548.5755580
26049.1228603
15594.4369862
3658.2578219
7331.9877520
11046.6723947
11417.9545775
9906.5275181
153.2848431
85804.3194789
14104.3837184
3716.0420440
11227.8174151
18807.6377688
1217.3774718
6317.8962575
157260.1857179
4489.3267143
87144.7194898
15425.6290618
6777.1521693
13610.8942524
8845.7010981
Case #20:
49585.2269695
105266.1022732
41590.9408165
100293.7469162
52344.2057145
173596.8482805
Case #21:
36422.6547765
30922.4384298
18999.4039699
6487.6955255
25021.9176323
76867.3160177
23580.9808816
28851.7742998
25603.5536633
24144.9412615
19744.3706668
5323.6004299
22107.2880983
14875.3640834
2173.9530362
56154.8170197
127806.6718146
20681.2543426
52017.9904294
616948.6312548
680.2806558
17876.0299325
60061.1798159
22455.1388740
34140.6619037
2760.1186623
27991.4155241
408843.5773617
34306.3494337
7196.4912694
15184.0925525
18025.4920371
441884855.4768546
26883.1936402
5899.9380227
17938.8352435
12036.2034337
756.2873646
24283.1433158
19542.9219468
258645.0063752
25209.7376217
31290.1069394
22574.2949055
39203.1548108
36457.2028034
6667.9082718
8528.7782465
10683.0292977
20778.8416210
12981.3208760
25298.5384609
192434.0609573
11858.8864239
340630.1416890
10365.6101211
14404.5541825
19250.6825818
7737.5728527
334285.4247373
24207.7059467
26819.5522346
11642588.1156839
19924.9269637
Case #22:
26765.1445279
26309.4842438
31618.7810101
23992.3266234
31178.4746822
30600.6707524
30493.6581641
22323.0437377
30905.5285791
21743.2646397
30671.5543398
16164.3320525
25938.4953559
70157.9868593
30924.7061739
32181.3508901
25587.2161076
30888.3200389
89524.1192145
29990.5970674
46695.9661352
23745.3607722
30141.2898205
30206.7212141
20600.7771751
28040.0084345
28236.5297063
22164.0386589
28688.4227185
31630.2157902
18152.4846883
35189.2120455
36321.7747720
54460.8982168
36665.2711257
29865.6709849
29236.3021459
29970.6610245
27236.0705596
28481.8342791
32127.2527454
24755.7287548
30964.8956259
33174.2187588
29414.3000259
21649.0745155
24351.5597465
60634.1010869
33600.3344952
27447.5356398
30458.0260469
40596.6589513
62702.1890203
42772.6176120
23686.2947293
29822.9419891
42853.4684777
45023.1574639
30242.5565413
29799.5299759
13973.7486896
58338.0463460
30224.4982889
30265.3068975
43737.6241005
21677.6685303
25259.0576526
20936.2147968
37846.9973242
19402.3182024
30535.6186556
34940.1623176
28348.2448695
36679.1888343
35820.4962267
58088.4770457
27690.4564538
29798.6321662
30250.5859171
23767.9144180
20009.3672029
32043.6940037
106071.7696957
32675.6266429
34244.0716376
29845.7460848
17830.6651136
25879.5168156
24086.2987648
28346.1473976
31613.8513200
35423.9579974
30519.8507543
74389.9110258
31644.5809857
29731.5182451
145695.4993605
29928.4986755
32579.5784066
58476.9592993
Case #23:
51222.3868109
83394.9274118
35441.2991458
39586.3937657
74490.8969438
75832.4365504
73799.1758127
26975.7283747
35207.8056085
42271.9491395
55544.3736132
42348.7380277
65570.8717551
29892.0068678
11937.1838387
37541.5604003
327205.0342050
15047.6438390
3493116.3263910
47771.4877308
39880.4036653
34974.9770159
42209.6685160
40259.4495565
26963.4466202
38829.7837627
45560.1382414
35521.8995910
32383.5261763
46700.1315692
56847.5988866
80594.6168870
25531.1230377
38356.2729878
66712.6862790
41646.8579401
10734.3452711
33261.1573176
78580.0882217
1.0000000
31136.6101344
16600.0837918
104816.2409714
68825.2584880
14373.3294516
118499.4263170
39437.7043619
20222.6943075
1826.4889382
65990.6699258
15834.7882944
57044.1697752
42156.2491281
40644.9657720
11003.8792243
53746.7091761
58429.4321871
49863.9691113
48571.8562674
48713.9676730
36017.3530287
55359.7343051
244887.4347477
42539.5638510
40859.8773391
32237.9216050
35774.2304983
42176.2026428
11403.4694689
49720.8924312
45647.0332809
10498.9795731
43824.8557400
13281.8408370
82747.6355852
75659.4391082
5213.0834434
36118.7198144
3320.8580072
85876.8470900
21029.2932326
848627.4554597
46865.2519626
42301.7005154
32826.5732541
221683.5153439
64715.9975917
97156.5623174
71293.7329514
413388.1708375
91601.6711435
35860.2104036
22143.3835813
34400.4249974
26570.2975660
37581.8794410
33179.6827564
85760.5254450
4990.6946242
31638.9835193
Case #24:
5334.9390300
25464.5601321
5331.6646908
15761.0248340
4978.7441298
12716.4974797
180660.0335957
12166.2564453
20116.3208313
52429.2100364
31514.7256799
18883.7377272
9615.3789767
97902.3262603
26103.6659079
170482.2077869
53946.4505756
20491.7263624
24841.6700489
13962.2038635
22226.8366510
122342.9307393
9128.1240999
117212.9020780
5919.1136226
31088.6498616
30041.1029482
81367.3447669
50000.9986124
163405.0952263
372714.2151094
25849.0274985
36873.7818726
28413.0144712
9714877.0987230
42711.9651971
107453.7776204
Case #25:
40390.8283240
35789.5479991
37278.2640118
43604.6831059
37031.6963148
41167.7185933
64282.1920548
60441.3503795
20067.0699744
56796.6542151
18684.4095702
35779.5605694
53576.9381597
29751.8631218
43192.5606534
34089.8165486
38054.1859164
38061.9122597
34736.7866614
60649.0824189
45493.9882692
69808.7291131
50838.7598057
40229.2828951
53424.3138694
39848.9628598
39880.3873092
41609.6055730
36144.1638509
46025.5842600
4161.6958856
42212.3695864
37741.4105535
31325.5162386
81567.2584506
32713.9644854
23356.8023162
57660.8605275
18814.9885083
47885.0055411
5323.0585933
56504.1602020
41256.5789872
40323.9213039
46092.7572818
30417.7196907
50703.4624059
44292.9121092
35660.2814924
46735.1609454
99632.7151154
18766.5543061
37256.6760870
8599.6745082
46377.2618159
60573.3952751
42171.2306077
55170.4404368
56548.4785896
49647.7442768
41692.6664197
42081.4729801
48111.3011518
48744.3173897
43018.2883458
73769.6801053
42838.0831730
39820.4075065
10387.7468233
34570.6426254
32163.2163977
44835.3222220
38897.4158307
40243.6714818
7162343.8414903
47402.5289330
27074.7792770
53007.2766258
41399.4728973
34226.2457498
10782.5203536
47590.1092719
31539.4459521
31221.0191510
12362.0924789
48124.2582602
49366.2891676
44241.9861764
39278.5917246
40496.6685781
33078.5781320
33990.5756544
54316.9980343
44167.7197770
43553.7196714
41143.1295881
139394.7315212
43722.4021210
39947.2065017
34153.9254445
Case #26:
81849.8700385
78724.8628677
459517.1996425
95306.2247027
167109.2398653
73764.9895030
65490.1623308
80024.5323821
177289.2115757
71722.0163858
80073.6965373
190154.1355393
127429.3821266
189740.6882167
162227.7872036
41565.1278572
340496.1380213
137730.1192366
263277.3462664
5635749.9295196
98211.0637306
125129.0058952
39807.4516860
130401.6006663
120353.6536218
120913.7740083
253267.1839954
105855.1085953
67515.0319291
143983.9383727
44247.7387842
201578.9002823
104149.9890522
122429.6539868
43678749.5377782
62215.5277379
4.0000000
104891.8059056
184087.7685092
159599.8896059
98783.0932774
33715.9279094
93302.3566496
29917.8097833
6715.9304242
30088.5933311
142168.9110842
117765.1101799
160104.0694528
108211.1863958
100781.9122259
104136.6216370
279102.5287647
132731.4652576
99724.9968983
280856.7533171
170074.3704888
248642.2757622
95065.5102683
62448.7504719
55405.5444679
7826.3211745
12994.9211540
188663.8344245
158644.1167949
142651.4940195
127117.7028520
37410.4214402
19741.7704361
142678.9544833
99269.1482106
721125.7979955
223672.6713352
271960.1858458
143862.5707524
70619.5248021
88265.4243724
135265.3937826
132087.2402043
150708.6902815
137410.2806816
18105.0553264
116920.5333111
363855647.9999999
1104.1458756
104190.7813938
128580.9278807
164771.4157576
861363.4745491
9819.7026480
115725.3308919
9431.0596100
135398.2080139
16548.2201171
151416.6871399
Case #27:
236690281.6539517
116740.1779690
159646.0430650
307599.6638899
3726255.7478144
136876.7750821
211572.4948616
146966.8224907
319357.9949119
942895.8352290
85349.9981257
144786.4886626
408345.3187472
22079.5007028
Case #28:
398565.5557861
14430.9010714
Case #29:
87785.0192160
22398.1123936
121.9344351
206866.0161490
23620.7448630
671.9240563
15576.4050049
40958.2787211
10309.1716478
147523.5362199
21953.6427303
22825.0395465
18897.8383392
11539.7694990
183579.4631491
228435.6002296
4984.7388919
2557.1838478
19055.1360437
65614.4253096
260.7676063
23700.7488366
38428.8406567
5748.3289862
21469.4212147
15052.7354157
76852.1261453
4090.6251129
55550.4464537
157692.3647855
13447.6622203
9560.4976808
18034.2721201
247.5596597
48727.2740199
15644.5974695
1294585.3802446
575479.9165382
3529.4757851
7856.4572862
40092.4321427
249.4375773
2513.3517099
14007.0546442
12108.4717216
5857.0150508
689.7476672
12506.7505486
17602.6818998
Case #30:
30429.4718780
28684.4324864
50774.8346077
26342.3252441
27867.7555342
47661.6001102
35224.6164204
28855.7380815
26206.1788463
10155.0546041
21260.2036799
46566.1275316
21672.1617462
23090.6645408
12940.7727998
26277.0361626
39882.9786417
34493.7832207
27668.9036791
36181.5720156
43512.7710796
586.9349871
30887.2926313
22045.9746102
35197.8045205
32683.6320281
29505.7962069
20568.3814525
37953.7569374
35577.2275216
29881.9338632
31608.2490153
33658.9133864
66247.0476692
44633.1118251
28880.1799346
24076.2888847
36074.9480439
31138.5529547
31117.2177964
26595.2098585
51853.1568721
33423.8251727
25490.6554692
29097.4541568
34828.5923406
32767.8845415
31879.4424421
22062.1546843
39856.8528348
21254.7808323
2820.3618993
33647.9067905
21845.6628737
5070.8314655
44238.2252937
31957.1146730
34430.6723538
24585.1900394
33256.1723562
34888.1589153
195411.5743448
27014.1446569
20245.7562649
82333.6863115
22220.6682901
48360.2063016
24225.8815385
31999.5141516
15311.1071714
50701.1906888
27003.6702997
28709.9598008
22405.5321812
28651.1131973
28402.1097413
74771.5800212
283707.4355704
36069.9941262
33104.4981305
19635.2803201
31028.4128124
30651.9196095
244023.3435059
30703.8676342
28429.6647924
30474.9406519
29087.3468533
32062.5872695
36470.2407854
28464.2947448
32436.5090821
36142.9002080
290478.9969709
30252.2915775
52636.9769789
29242.8357574
31945.3224565
23831.3050517
29417.2397361
Case #31:
4452436.9629769
51798.0684730
328069.1667335
18193.9899865
74420.3925173
57832.8817928
46418.0900071
50444.8344576
176353.3894515
15109.7664423
18351.3658152
39783.3229129
120652.1851822
57789.0908424
32536.0100309
85137.1697962
50398.0000000
19392.2061956
12682.4659960
79904.5745017
940090.3158752
68090.6742481
19843.4094934
21076.8212061
128536.2764835
36622.7860391
40816.8272730
46574.3788163
761882.9030098
22308.2665920
102482.8629700
81291.5903197
25659.6371345
31778.1522793
69619.0179258
81303.7190408
42722.9717607
99319.3868824
23225.4193630
48879.8853757
65052.9745095
24091.9819633
47970.2062870
5096.6337561
22476.3353641
57771.9384287
39245.1103687
15831.4174394
13879.1369855
42105.0442509
41065.2434604
15059.3217047
63551.2259966
24578.5171256
36743.1053436
46173.9077916
45897.4364340
47799.2469372
40801.2711417
31037.5246481
42905.2900312
34734.7027846
18260.5904738
63430.1605939
96908.0536800
922086.3582483
51240.8420708
26399.6034103
33061.5014987
26829.0368128
28345.2058296
21713.7166303
28086.0649004
31872.3770335
32179.8598068
20715.0031099
46097.1629433
178139.0496401
49144.3397827
6100.9000649
289030.2486852
45816.6798422
4394.0633719
91383.8256232
Case #32:
35637.0190056
69128.1009313
119660.5897754
77375.8296014
26172.0619267
124731.1545146
102594.6305396
57162.5934692
71773.9498542
260483.7415582
10520.6835863
126167.1546662
114924.5250583
3122.7347783
106756.5849345
19551075.7984458
81980.3501264
44370.1918104
7491.1612474
87450.1284540
41168.5953823
70342.3847012
73084.9496554
98192.0595246
75871.9447939
311014.7589084
69156.7271944
66195.2033395
86429.5585673
Case #33:
880.6615263
42501.9446102
168431.9733131
14567.0833934
21715.0857022
12704.7223487
63780.0286620
16073.0887277
7225.2558080
4168.4780133
17399.2949684
1638.1567636
3805.2616045
1861.6239126
28471.4261843
23757.8724376
10585.4513015
4694.1725783
24287.6014620
2530.2941105
35245.0872862
4136.9160798
13909.2037190
18261.8551663
18504.5818687
2876.0845294
33706.4551841
7955.2856213
36938.4255333
12418.9705074
13975.9290645
18976.3462399
23735.1211753
1558.8078153
446.1846492
17322.0639091
44512.5011508
6401.8565485
30169.0871481
20493.2043306
47285.8078330
5390.2508250
7622.2948896
Case #34:
46107.0000899
31743.7556923
28354.2534215
46466.8754213
44570.4195912
34417.6047993
71825.3821421
29570.8149284
55406.8864707
39952.3026776
41795.2227373
34053.8138320
57733.5070585
46278.3840534
41878.2108895
46519.3134845
50884.1859590
8029.4735447
38370.6138627
70811.8549823
46906.5316362
40097.2193187
43046.4646898
74023.0682060
37288.2966458
34997.7815432
34796.9035143
46931.4302579
41362.1290919
36518.1888166
53735.7818224
40115.2732298
39998.4971947
70597.5193548
67070.4653945
36244.4114268
42584.7261069
45471.2338827
39367.0701013
340710.2656609
41686.9806944
41109.6279832
63770.1307066
70179.3699968
7976.8559318
52019.0384821
35491.2084761
31268.0885315
56376.5299721
50326.1396532
42039.3729327
39192.1924634
45881.7908665
26930.5285737
401418.3334807
92065.4863940
34855.4556581
28171.5158071
17858.4188866
29676.8731796
1873.7246605
40621.1099311
55212.5013289
32562.5533364
54014.8806926
56601.7127847
29905.8657017
26557.0183395
45412.3373513
44893.6539642
39604.7209531
32074.3971699
68924.6832710
59081.2398585
35358.1301598
62798.1529719
63388.1340724
28545.1483246
50760.9012117
32257.4398474
62664.7968077
48774.5204174
43117.4323299
60578.7776551
43525.3736034
30670.6523012
36092.6149178
42179.0981457
28661.9495648
61066.5658494
75163.7780801
28851.7022975
33618.1041813
44830.5989101
17377.2260211
70304.0913523
56972.8433536
19743.3678396
8598.2917822
38398.4171433
Case #35:
7889.7872304
17283.2266067
144793.2572792
13131.7784997
32771.1324718
18263.5501510
7889.7872304
48467.8316534
45271.7328608
2996.9788074
2641.1353193
2811503.6133841
24745.5344481
28264.5345769
11710.0222590
10629.5989647
7402.6410091
15005.6092227
11348.8059677
54686.1421984
464305.2264150
7463.3140794
23146.1504226
900822.4962215
28430.2092420
17657.7353686
108288.6396692
46724.6032173
11784.6134324
29531.8593357
15985.7593767
14917.5314529
20660.2428852
25624.4860118
36701.2992918
22917.0820574
39194.4188697
2647.5636234
25624.4860118
9967.3005955
25930.7332991
682.3928487
9538.0501743
28858.7182142
95.3729521
27449.8961021
76517.8479986
12558.3910056
38876.0462193
27955.6528875
30794.3787468
32996.2189758
27201.5881230
6412.8497312
6878.0285518
4754.5248020
16075.9791367
25624.4860118
11244.1577716
14915.3315673
58052.4177798
23186.9115810
6684.3854865
5235.1329108
92255.9161927
40396.0645554
26450.2015864
3423.2322892
21895.4446104
2671.8902309
252.8349173
20272.6168177
3082.0221804
76760.2843600
28707.1337734
37970.4951613
39969.4295859
204392.7614788
725825.1963518
23920.9934511
39132.4398629
16827.2424774
33691.3981099
12804.9484882
6878.0285518
29803.1457127
6445.9154605
4840.2896110
37771.6487609
19315.4366791
69329.1609541
12385.8093261
21384.8852643
Case #36:
127922.6177098
4.0000000
141754.0607195
16579701.4052965
921.5910156
11540.5991858
261859.0330269
176018.8641937
670489.5871832
46780.5446995
7193.8140053
290391.7038752
114333.8360194
173374.3916291
306518.3694257
7846.8762341
178342.7815845
913333228.9999999
423934.5860663
161879.5895396
167582.0131290
2397269.5806520
43332.9092815
16687.1024238
681281.3054803
18514.4509684
16687.1024238
26912.2622382
10987.4502290
773861.0503974
505.9364722
31101.5524855
75880.0000000
599091.7749098
24161.2264396
12696.5128551
598412.6143906
4270.2575686
529640.9687900
148215.2891444
25101.6511427
1220164.4273487
598412.6143906
617.8884391
3609362.4334638
22493768.1914449
71741.7964638
26912.2622382
23702.2582919
416.8344995
3.0000000
167582.0131290
16588.1820123
155605.0915763
467224.7004793
349839727.9999999
1.0000000
124739.1355363
66502.3016332
1259993.1068881
345178.2938318
239550.8413202
138776.2686089
52175.0354690
Case #37:
73702.5508669
50158.5592788
49946.1681483
114031.5005223
14054.8331917
31176.9841515
147960.3010882
60664.4612186
53850673.7294528
97461.1857294
144931.1263100
79182.9419812
40879.7631926
187717.3694423
45775.9512087
115051.0263933
16553.2506801
324413.8145565
482111.3518972
4376.4149225
39287.1877308
60899.0224513
414352.8835522
123868.0531247
46743.7153495
134690.4947541
145935.7256117
115958.2204192
12729.2987040
78488.2322535
154672.1455708
41613.7141787
52102.8793934
103638.0214333
79016.4408141
157745.5310003
54944.3627021
33206.0109386
45851.5969462
14096.8130624
1345850.1615635
115211.0623877
1723119.3993071
47598.3300521
38151.3168244
15583.5549035
37062.5570081
119839.2248178
48637.1201537
46895.5043958
13381021.6052087
48861.0688825
54444.1308632
56082.6581815
230990.6502249
44422.0258492
18062.4847177
171349.8742439
34700.9001799
73224.3169345
287712.5325820
41285.5705906
41991.1777299
75446.9887126
70733.1840729
92882.3475835
45826.0088802
102700.0488317
29411.9465944
83541.2605702
Case #38:
131071.4303282
14219.9914692
65338.4277043
65267.4395506
80590.8456878
65377.1760457
104503.6901095
57593.2622326
38249.7660272
57750.1838922
62469.7233058
63582.3732378
44280.0085899
62322.7607818
38604.9372801
59867.0362810
65508.0458743
67465.9773507
41724.4170593
46336.7725824
41361.2316681
37743.9108152
57077.0425354
32678.7307055
59322.2183515
66122.2324935
61403.2419960
54803.3706179
110896.1390547
73053.6947335
68664.2458981
59152.2783487
63391.7760204
59969.7738467
77505.8390408
41087.1652835
65889.3241302
51944.4397814
61775.8393883
63005.5910036
54105.4921399
61150.5842222
40424.6503177
55541.5251196
72764.4765730
53073.9469790
63187.5496964
55418.4977651
52995.7978072
61170.4279899
47700.6076547
67099.4607090
82260.9191104
80814.7878190
73299.1388895
69183.8854061
68314.6094484
58759.9423465
63595.8820699
23621.0878872
35768.9753380
42746.9675606
65815.0260324
43373.1370435
74138.2869646
63610.7175996
64038.5227819
58307.6138006
64160.1305782
61439.4782148
34342.1516389
111233.3809448
57840.5635104
59524.7313206
80632.6829523
156219.6762234
76071.9162481
58471.9115874
125495.5537857
69529.4609613
63579.8378382
53120.4044247
57848.2464799
52265.0382011
53330.6479513
62043.9859808
30647.3689814
19211.6191304
62498.7680306
64933.7411342
65681.9481470
44177.6839689
59139.9284040
61999.5696964
53900.2187417
40187.8143592
70988.5052949
21656.8637317
50365.5446209
54419.3316005
Case #39:
79312.3934965
108664.5825470
6379.1795244
40322.0804185
44656.1680243
2360136.7731576
41682.4694778
139855.1435309
52180.4538739
85277.8362806
62667.5080060
120599.3079301
68176.1275396
61215.0851162
101952.7715846
43239.0576682
42731.2478582
41117.5891874
49488.2912079
154587.0047203
29973.6191418
46698.1680001
67894.3926360
54869.3969657
74508.9635349
43171.4831588
59766.1690508
57149.5355489
29878.6686570
47577.8892235
52457.1704122
18775.6720688
41338.2940815
46989.0056399
28827.6352215
51644.3578326
21621.8891264
145750.3358902
47932.0728362
45811.8303133
32888.5254145
51289.6088884
51535.4487973
59261.1224682
123937.4426468
17447.5427726
32891.9333555
54109.8177499
44854.6202535
154034.5665142
53485.8300271
54750.4511913
48607.2648391
48750.7180909
86849.6736203
60429.0780992
68761.3328688
29570.9329285
72734.4559952
58180.6715066
62727.9490886
87898.0982180
49411.8078347
40403.7003926
64511.3961860
108160.2087021
69528.1662689
52998.3281711
45629.9833778
53714.4211080
40833.3745780
45500.6432400
135328.7762712
56069.9113461
61879.3252124
87740.5745250
9565.1453903
54063.4339678
56755.3211261
165444.6475481
64702.2953014
120557.1812827
37555.3910983
67233.6164029
39416.3478093
96482.2166352
49133.1811896
26215.7528864
56485.1089794
48427.1547267
48805.0141823
39289.1650765
50687.4421454
31506.2303417
93860.4146362
59924.4390577
50254.5455841
45286.1007985
83205.0163150
60992.4506192
Case #40:
400883541.3098376
496504069.0546423
443704758.4859267
Case #41:
62383.7411609
198821.2255335
43189.1616177
56747.8565384
7263.5383538
37137.5092469
1181109.2535881
60222.8118735
83770.6169019
13073.5334054
9945.6336632
608.2104899
59556.3687603
52215.7936899
47207.9965404
72860.0252214
25977.1903717
103273.2019829
50602.5820774
296601.1887190
4175.1101539
18769.2900315
9005.4032529
237375.4057345
21384.1412949
57582.8023360
16879.3883841
35431.2251648
334724.4538487
25450.0697125
108275.3318312
53258.7567208
14492.3782410
6736.3862628
42697.7993449
20755.9589722
98728.5468743
15498.1978525
61322.9451087
60014.9437238
28709.2867832
185534239.0000000
3904.0512449
58660.2420376
16588.0459779
34116.9628601
47817.5236005
106072.2364456
89416.1746247
16545.0211603
31527.9029000
27812.6774574
56823.1633385
52417.8368876
2753.5372280
201422.5482169
22610.8558206
40246.5803514
40390.4604435
150314.3445892
40532.5852720
117141.4244244
53278.9557808
61276.0235356
160341.2123924
44232.0380416
21982.0227180
150941.8173759
45608.0451233
38473.6168785
1620643.0062750
73604.4169131
49909.1827889
48795.8075354
97202.9386059
53233.3394255
66799.6810124
54113.7594482
87182.6412231
40629.9159706
65052.1658462
38716.3913488
58568.4012608
57932.1176432
243070.4530585
142966.3038927
35865.1743647
184.3824355
278138.8513384
123080.1814518
Case #42:
158912.6854042
213847.9071663
79815.9583241
309156.6428977
124387.1616346
204105.4275071
68117.3487201
96190.6637068
387288.7201018
329698.0555475
129329.7638177
139004.3257937
413964.8019078
9010.4926442
35727.7906674
38069.5366134
111672.9595513
62695.9596718
132437.2631479
115716.2541588
18893.6019786
231546.9363312
85888.1226293
37558.0574899
448292.1357814
56973.6096471
160855.6251330
322482.9045885
902.9529325
8357.6497943
596535.3752345
37558.0574899
443530.0810070
109870.3523686
72887.5157070
440220.1399674
685854.6166265
63369.3862466
282828.7843414
85885.2634044
11286625.6122230
60063.8888382
452321.8679186
106509.6971328
988061.4793658
144344.0845614
78605.6387978
451240.2917806
414679.7619711
260930.7759961
206604.0415103
70665.0784919
67103.6226502
9.0000000
22995.6446789
226033.1523780
118870.6281728
213176.4730952
9253.7303338
758648.8823204
90428.7289271
28662.7328605
92127.7633118
231000.8662946
99171.3625652
507502.9412680
129271.2242396
7614.7015120
116636.2028301
187788.4528630
177599.6797317
82278.3930412
77847.3596764
192046.2019705
95257.7280523
178782.6335954
74884.4295902
62908.4554755
94044.0111493
86118.6732759
146671.7745950
124507.5575264
26816.9157626
96338.4220863
13885.7053400
149048.2519614
148737.2910527
53225.4145875
20454.5773028
100676.4919563
38359.9691345
22543.5709266
655405.8919177
46923.5291040
132437.2631479
30148.6929674
Case #43:
1.4142136
2.4494897
Case #44:
31258.5422772
21838.1712779
20033.0802754
37206.9401653
205400.4410377
7969.6107637
10677.1010573
11459.0096549
985060.8705963
12739.8706124
11063.0067530
21385.4637154
19059.0755598
6813.4722740
13933.6487291
11413.7549331
12993.1468856
3.0000000
17694.9936370
20776.6173689
109726.7925253
4223.6332927
23534.1718221
16863344.5453412
20996.7386990
55411.6814254
19644.4383474
21393.6128476
6.7082039
23697.3198225
3195.7705757
10135.8434020
14662.7622897
13848.1799863
6219.1495562
19525.6997144
9510.1030554
88068.9467176
66256.8619520
15957.2669834
17257.7864311
59988.9800997
39524.5876243
19852.8292853
13065.2776609
15165.7403897
17237.0982879
27796.7374928
2177.1051064
31662.0906759
29969066.7920908
50537.6687472
56216.8760983
17291.8019556
23542.0190065
16676.3911095
31946.7510895
19280.7757364
15146.9133534
3323.1814978
32150.2703529
30749.9728698
69410964.8320976
4184.4821470
2177.1051064
16030.0941615
630.4576514
10768.5994049
21461.7051936
5869.5447637
141700.9932021
44525.8037009
127134.3371213
27477.1517309
6345.6149638
14909.8356092
6293.4546245
763303.7792809
14167.6391856
25478.3512667
28116.9605044
15606.1353936
11254.1143241
51628.5013529
12935.9167940
14037.0892287
65975.5235905
9745.5514858
22049.5254457
16389.7100298
Case #45:
38265.4180370
430205.7865963
16498.8190773
22334.5402201
139131.7435939
93835.5701685
24983.6566918
11836.9400584
Case #46:
161205.9590342
56922.9088247
220079.4149708
127124.8157070
122989.7870172
124423.0360373
82436.4551112
239533.6534735
460411.3376472
88426.2967075
165893.3389219
200286.5637094
183968.2959352
109971.5694935
129641.2222369
137344.3412368
153005.0485014
190829.2790371
247491.2626071
Case #47:
91037.7703991
45376.9128871
60542.9591608
3.0000000
370408.1162350
33568.7512004
1248795.5968527
776001.0496645
2661348.7253941
14653.7111194
193260.1356381
74591.9516622
30762.2260070
42260.3470743
169578.4527670
96124.3956949
44692.5703074
60420.5569516
45678.1209920
66150.8240207
12606165.9980603
33110.3736915
164842.3397447
233572.2071608
82447.1698711
112031.6461494
68972.2063804
83644.4599353
Case #48:
20975.2629664
170147.1001752
31999.4149348
188922.4138426
5714.7190077
8658.6786213
4600.7042261
28635.0036535
15785.5468986
46885.2242461
14003.9110613
11130.5027082
273673.9794029
17746.0039459
7799.4612119
13000.3083697
38138.2638497
15099.6321045
281.5526715
26948.0994804
11169.7676749
27847.4065562
27068.4418817
19260.0622096
10511.8678762
12712.2525107
12367.2941961
104614.7197448
26272.1497832
16985.8742301
12402.2166306
18809.0768844
5281.1462332
77451.5072473
6582.5480316
17697.6908260
9491.4655805
6744.2927219
10.0000000
19692.1999899
6678.1380391
17153.9815025
6602.0000000
15481.2741739
188725.8666025
46583.2642786
480622.1622851
16833.9868877
38294.4336066
14297.5721374
37552.9781354
2579.1015881
12885.2737695
27238.0371615
2692.7799891
34627.4252729
11554.5175820
25539.0891701
39426.6418645
Case #49:
26505.7784397
77645.0000000
56734.4981735
3265.6441760
7306.7995317
47051.9011878
16091.5377344
88126.0294279
13805.6303158
23754.4201359
36411.3500996
14689.8135650
81562.6654565
38589.0539506
48607.4147511
10050.6359894
33405.5473413
63598.5100130
27.6291378
30197.6438475
50517.5180281
41348.9766421
268555.9389328
166159.8975111
26733.2703130
38934.8060402
28997.1502874
27838.0264545
64397.4007130
22111.7344613
18558.8717052
8826.3547380
297352.6348768
25769.6506662
18760.9690361
258221.4659098
31022.9667901
17113.2453264
13252.0320410
37942.8480538
127137.5915176
22251.9402950
97211.8556113
65368.3044589
7926.5442825
111609.5481661
77079.9482135
16468.2357691
4879.2413088
59723.1236497
20233.3255663
14505.9456264
30119.9428102
136432.1810562
1564.2373646
18133.2737345
27957.9002630
80072.0375231
40820.4339538
32569.5696044
41772.5528312
52708.1431102
26945.8973488
59762.8292252
65529.7406282
13556.7765459
33527.9161308
125488.3177983
24928.2476811
41137.5917744
3618.5878261
Case #50:
5542.4893773
160439.9251484
38079.5076549
4795.4701965
21029.9028928
29598.2299714
38530.1612820
23156802.8233471
21473.5552224
13566237.1884795
302560.5806670
62414.3524384
3848.8706649
26205.6589401
27060.6246775
31014.1692627
19588.7411273
45003.7313364
38583.9502471
10534.4199097
20822.5615619
53433.4694393
2353.1559609
101113.7650527
110172.7496164
33307.9880675
15461.2036249
19521.3766857
4974.6060995
52112.3150037
249255.2557614
32780.8457704
14767.5776916
11082.2948975
137613.1204865
24106.2292099
18018.5340925
25133.8278220
34015.1784049
6836.1848797
24952.5918339
35719.6414064
267758.7497658
83667.1711123
34753.0005972
70799.7768011
52112.3150037
21230.7684453
37592.0957831
294840.1485157
41141.9658410
33698.0056819
16028.0706890
14466.9113175
64848.3152116
18935.0106438
13857.0598121
13476991.8187855
44415.4453644
56228.4334037
874.2187236
28980.6307287
5462.3723451
159364.0339847
2996.4597856
93461.6514343
121930.1424157
28220.9467186
26818.7077343
26859.8190201
7129.3400601
92498.3614436
1732.9843041
284146.7627939
22976.8442500
38281.5411263
65541.9562173
26054.3282541
26364.4796207
280852.5425908
286187.2219989
35627.0674778
6386.8608621
122777.5574480
25859.1737659
32545.4136813
2603.9586700
Case #51:
50507.7290683
19086.8466138
3602836.9287219
183328.5145603
48027.8769074
150781.0426110
4348.7558997
212398.3550690
15973.7862647
15498.1516421
47343.8907161
147474.3435110
15955.7953579
784911457.1404204
347.4398702
Case #52:
4.0000000
364.3835291
2944.2684238
12602.4160924
4215.1394278
9957.7691709
11741.9967589
3545.9326382
38259.5667514
3002.0294637
1836.9828387
20105.6336755
7156.6836220
2319.4582338
3316.6194278
44113.2092158
1655.8947726
7279.0098523
13861.5089005
2060.7536811
11629.5704009
7774.2105349
4337.1599921
5262.9157655
10884.7976874
5648.6892981
37597.5931942
6006.1370887
Case #53:
9945.3316284
25250.3739703
19995.5974118
39753.7750946
11617.2219273
8377.5655421
11288.5382823
20063.5483571
20422.1240221
26471.5052861
19079.2503168
26704.9618717
33758.1526153
43509.9144377
8698.4223765
24821.3591788
23185.3163065
136714.3507009
35767.4886002
12592.9070411
21899.4629098
7371.6487326
12772.8790393
58486.6876305
7.0000000
26863.0200444
27000.8260046
11664.0672923
13564.3152891
7910.2045220
22500.9965762
9246.4622615
31626.3694530
9021.4045063
12990.4966015
11372.9546726
8437.6966342
1971.4452918
16082.4572100
8285.4700166
17377.7865664
15865.4178446
86018.6185196
61532.9178612
57677.4459527
30237.4984746
11696.6298559
8397.2473366
63271.6244961
38094.0220753
12487.8849608
13778.3148658
32979.8235750
14752.2516950
23831.8207468
14344.5512463
12790.3931968
200779.3635236
25304.8617003
18605.4237878
76748.0004136
13654.2552852
62869.3366457
13761.2952186
19023.4337192
16361.5826840
18205.1914350
15595.9380755
21674.2080747
32596.1019244
12113.1569429
11948.6145130
26173.2026194
36327.8164526
15734.5172631
39010.4173651
20298.3118897
17719.4401930
32519.1291891
26740.5375759
12688.9859746
19467.2051362
22718.5470596
16117.1451448
33646.1284968
18247.1504271
18197.8309630
6652.4247747
17470.5018410
114013.1634284
41743.3101885
44433.2637866
11609.4677311
20739.5422329
27603.8730783
20579.0420696
14041.4165431
11732.8772295
30425.1299326
14506.8482600
Case #54:
66533.8364116
56040.3315908
57917.2925042
295677.9531909
7937.7571317
45793.6362768
11022.8153383
98645.0628315
109227.6937954
1249126.4718115
59339.9650444
20686.8435459
17032.3835598
65786.6527935
188916.0996798
31773.3571563
62312.7013819
137281.3708194
Case #55:
553772.6186678
63804.6304155
63804.6304155
13888.0334724
7719886.7242687
63409.7784766
236677.6311239
657.9878418
101873.9724809
2504.3971482
252605.9587101
64960.2260443
98656.5383337
123967.0400439
49623.8596636
4905.4858742
140099.0554426
1527978.7472372
2504.3971482
777068.1851897
146697.1336956
132555.8239312
101053.4498016
7719886.7242687
30607.2232562
30607.2232562
45632.0873617
2504.3971482
24668.2601571
103884.3056782
13888.0334724
236677.6311239
24668.2601571
Case #56:
67523.0817648
751545.2352921
681.5900527
1519696.4222014
132077.1886821
338095.9613566
718466.2864968
206723.8070306
232114.0456324
109062.9838348
116.7564515
63874.6797433
248411.8219525
21341.3523939
239626.2735616
403734.8419832
403955.8459661
255210.0509614
484924.1289076
54203.3750956
572873.6469591
38810.3706651
206539.0943231
126949.9258069
233281.1266418
182144.2090750
15768.7396594
115296.2673435
279362.1828745
411781.3686990
286237339.9999999
1630798.2700860
177472.4780655
428939.5857525
1648026.4050069
65789.2595645
126739.7034706
965890.4929381
159097.4628096
557265.5359627
246156.5542511
293707.9230973
473079.5215798
37661.9287121
386244.5394501
216983.1733141
435755.6439000
552290.9382459
438.7970011
172035.1370778
662805.5556027
1314188.3370464
802856.4911468
1030918.4985105
197073.5167732
468015.2962462
2446680.4776925
129986.0287066
75908887.0000000
1011185.0289791
331319.7388318
11088492.7813296
159000.9107129
50439.8934956
122407.6591256
5655420.9598080
417894.0906666
525176.9835155
162686.1320149
554426.9405338
223308.7048790
136465.1506837
76344.4416494
348209.9743972
344217.3725796
404398.2724004
Case #57:
55652.2507120
18549.5729353
50154.5439504
62037.7076154
205.0420705
1142827.2471906
12297.0262402
64489.4349858
177935.5814144
18758.5166857
71149.3584742
17989.7459210
1472.5335706
526.2893751
16735.6152867
704385.0894582
14691.6503010
9775.5407968
44581.4723488
57849.7302910
83708.7927086
712945.3579490
72640.5251206
33130.0929140
15825.1461349
51522.0085012
85124.1346634
5883.1160521
27371.2618362
9516.1934315
4036540.8586076
19591.1735734
61875.0621111
3615.5535732
Case #58:
41592.5617027
46383.6264194
30694870.4503088
80213.9131344
45601.6143048
44385.9449223
46065.5408508
42442.1814012
45204.6472152
44593.4582138
96662.3231776
48725.2467959
57067.4922184
56812.4748119
50491.2133492
58172.4175430
51302.9748753
52233.4144901
37833.4604818
45113.4869400
34006.5578339
44963.4363218
57366.8353504
44937.0600144
76249.9419221
48066.3654439
54083.3371932
390863.8880526
45025.7075950
33893.9295730
79621.4067866
32890.0182377
24476.1997565
212.6805350
45804.9599591
105429.9810220
38529.8867237
1170.2537866
64981.3302475
63008.7908732
51951.5073774
55516.9288793
51918.2794157
45898.3853987
124546.3113473
49334.4257037
41818.3729213
57999.4914774
55730.9889544
52277.8228990
48914.0801138
39567.0162391
949364.9403635
36330.0338289
62488.0372160
41845.0121358
42135.1674199
44759.2364208
57875.6304141
43488.4914250
66676.2315597
52279.1604903
43198.4308037
60264.1499823
43780.9309714
38307.2171758
6995.4670611
36594.8157157
61034.6062517
36309.8253758
51382.7235313
18581.4796306
41342.9851917
48300.0916005
30899.1679097
31337.1879157
125328.4124449
58104.9155226
21261.4817121
62601.5172839
292653.3010535
64775.5857435
44790.1015306
43507.9714013
337674.2273897
61799.5080628
51327.8989003
50151.9864611
96404.2843618
49772.5457696
48505.8455944
30834.4244897
60626.2500034
50679.3065297
67757.4168544
31355.2683682
62607.5931868
54830.0333181
65413.8815052
42031.5597097
Case #59:
5666.5590902
13063.0317397
49298.7230534
1395985.9348197
897567470.0501192
8916.0269233
9515.0469553
342.2719502
1594366.7123380
10335.6644583
1741.1251370
7832.3429580
98343.2174076
7702.2736695
21030.5124178
15318.4637800
7261.8826062
2394.2072735
75711.3315242
8464.5272224
15460538.8748423
29223.4188846
39659.7107381
1094362.7813694
25273.8465904
37600.2188495
840.3196864
224775.6483890
266149.7485692
23830.9139933
8184.2374814
66903.4471095
84270.8476220
170126185.0000000
18438.9000985
56139.1380549
3945.7621635
4182.7030190
62533.9357187
8476.1198657
13697.1688266
19387.8518587
25140.6796724
9139.1479750
8184.2374814
21794.9045264
176091.1157708
51787.8104616
6546.4324213
6825.3157936
42029.9299650
347604.4012463
649637.8037485
2560.5629064
664.7743586
280371.3213988
52465077.1258829
42765.0108594
58306.2497993
50187.0712569
47472.0700914
11568.0883021
12445.2412990
60856.9597178
42029.9299650
9809.9152767
11075.6148517
409622.2741943
22827.5789475
9662.6655251
42078.4875798
33147.5405520
1031168.5107333
35048.0726136
21624.2350890
Case #60:
39527.8761655
67862.4412146
29459.8761487
35552.6783404
68102.9907994
75787.8962217
7038.9813441
58159.7972064
39020.7460207
41871.6413808
35050.1005190
43195.9911282
1107.4400530
59834.6284072
50718.0313252
46861.9800958
50621.0839918
46640.9372419
101331.4435209
58072.0308126
20092.0144464
24442.2714558
53244.8823129
109920.8063667
48982.1485702
41179.9640938
50352.4742061
47013.6886040
35376.3377141
59369.5526096
38702.7104102
28523.4397231
49812.9407331
38453.3103285
58559.5273716
66111.5176182
42218.4987365
33897.4250864
31925.8368758
70833.0513826
69859.0995860
828077.4802972
56657.2414611
40327.7801157
25506.9793983
38734.5152407
44517.9304233
43534.2448347
42149.5912290
66946.9400239
38439.9371997
41086.4484374
40959.7773064
25667.1956350
41521.9948795
38148.8108580
123339.1416655
41549.6621969
26687.7248760
39637.7291709
21578.8630743
27491.8975655
56894.1187023
35817.2015937
36037.6015230
61145.9173552
39094.5442843
1008.6793241
1206431.3540786
52168.0863067
37000.4058657
67910.8771118
42645.4789881
55140.6176991
38771.1733793
42865.8330621
12540.4538198
76402.6308302
49111.4431927
34804.7354515
47196.4431485
45964.7273724
45184.5942973
104113.6786007
35767.5731274
44178.5040457
46327.5222708
171229.7330212
42196.7991405
21999.9997662
41160.3805772
40888.8210799
66865.8681068
47896.3520830
47033.6599647
25055.6199672
437040.5738970
24390.4331508
130482.2078755
212211.5329480
Case #61:
1.0000000
2.0000000
Case #62:
48875.1844852
29221.8130463
35898.7211654
38106.4517372
43452.2869494
45227.4808463
49946.1937351
55948.1417132
13973.6193583
51016.8354098
35569.2939349
14650.7179329
34900.9403759
43112.6406275
41026.3933592
39830.2707140
77584.5942231
44362.7907673
28346.4197478
41230.2196917
33498.6315444
29691.6134175
35845.8244771
32776.3188537
39311.8023547
33779.4053214
48352.7183875
18288.4394468
47750.2469842
38349.7337550
30823.9496889
18954.0000566
428.9363359
40975.6264280
20777.3914166
34979.1668159
35336.9897869
46791.0747086
56863.5452920
37922.2827856
38535.5331716
39970.5880196
35317.9167696
34867.4126944
38421.8252905
29370.8031962
48412.0726772
32165.8834377
14516.2135328
39587.8030161
32310.3687862
6563.5180182
31633.5827313
35554.1172380
44464.9239303
31548.3970350
10740.6664002
10805.1115367
135131.4481474
39844.9910046
18915.3311749
60207.4794738
34626.7498407
35850.9096475
36004.3772062
37465.3417710
12487.9479125
34531.5353006
54345.7399642
34776.7012846
65701.2095851
31340.6266666
40247.7644962
38473.7200541
42612.3622587
32973.7732022
40639.4122411
44812.6571295
68067.9127441
9551.5548326
22832.5650289
41685.0411849
919367.4365458
48772.6462241
34218.0938792
34536.0305240
8173.7470721
43130.9903960
30493.5845951
27364.0618327
143372.5522383
41228.5581073
495768.9211237
188747.4093293
34529.7590416
33022.2680004
10261.3842770
32198.0083330
48540.9462590
36252.1510824
Case #63:
44467.8296966
10874.2528212
43003.1835478
3127227.9071203
44214.3491308
24747.2039290
6145.8901650
1608697.9669418
42591.1052334
1063498.0523536
16399.8586421
9104.6237669
10044.6857860
13760.4681624
14555.6047491
54271.3785782
47174.4457198
4952698.1955150
3927.7671361
4161.2206809
6652.8211737
11555.3896134
47918.0114132
26202.7231969
7305.9838631
47891.7175110
13594.2251997
74739.0000000
17232.0390490
27245.6063361
33841.3010084
39807.6396148
11254.5562338
143309.5951713
76832.0000000
22875.5735322
136.6336492
24153.0981834
46088.2918677
22280.8531183
10353.1490809
35467.1978016
Case #64:
16056.3223863
118967.6441946
2195.3272460
315895.1061051
160995.8733346
783.1743627
11018.7873398
1986162.9773572
1596.3904801
418.7414811
34689.8246672
553.6044033
1038.9666328
37751.8761123
82795.9754977
685.1475330
52583.8054462
56036.8324984
3669884.3297732
43863.4046099
5647100.1212096
148790.3131710
21607164.1781069
3967.6824252
3638.8286395
5410128.4300355
7816.0610678
4966.5502013
2531.7714878
88899.0000000
4502.7530993
48754.7706190
107640.9924673
427027.1762350
12272.9371480
99735.0000000
1800.2919625
1050298.1052918
30602.5924564
14783.2774024
30602.5924564
2044.0608150
5999.2015339
10525.3277596
Case #65:
653458.2635766
4067783.8862636
468107283.9999999
228089.9286803
379425.1332686
65874.9311276
100727.3301995
50281.9662043
60112.3382079
349164.0789028
64020.8254522
134767.1233317
51242.2586251
56039.2912255
189072.5424665
146260.2442233
7234506.7834476
4354816.9188488
24277.2515812
86213.5901270
210114.1611992
51682.2588219
82230.3517949
156429.3185944
19171.7255991
388522.7121881
8512.7634980
63527.7656751
61929.3233539
853311.6492909
52752557.9498660
104874.0740399
1984418.1016037
79486.9781131
529285.3204495
238644.2596919
585368.6858914
1077237.6682452
79583.5964947
79986.0545095
490164.8748748
912.6609447
106032.6199516
275789082.0106000
181173.2847825
893552.7027582
733059.0448981
342142.7148161
3683.5249951
211418.5586130
112721.6662582
69295.0318321
4354816.9188488
160152.9230538
75091.1832380
174363.0187174
10708.0000000
1254849.3921598
824304.4491909
186173.9375649
104874.0740399
5847739.9233095
Case #66:
1.0000000
110648.3767715
11315.4288886
22409.4022880
18004.5131419
33247.1869474
11674.8895264
11543.3350944
40862.2004336
78488.3124663
51723.4671446
52205.5505321
79504.3797766
14677.5766138
26192.4805199
17514.0594131
29966.0611483
30398.6194360
20847.2329509
27550.1111517
26340.3412960
18620.4243207
32739.8149758
41222.2465066
7687.9274784
33387.0406373
20799.7921227
17590.2001074
367760.2924470
32216.6987500
54233.1170756
34800.3330162
60478.2274586
27862.2302506
32827.1918917
32635.5865817
33314.7148480
31007.4138077
34251.6235696
16615.5812791
12557.8920566
10113.5002382
35095.8407829
114719.4039433
1174.9664124
29009.9255208
98935.0078212
31399.6456051
19699.1957161
29635.6552646
2573.6057667
140808.4847429
32489.8138940
32002.6937376
27815.4546465
30957.1521669
71937.2053628
18542.7774332
5755.9770301
61381.1527764
13371.3306372
571701.5209116
10057.7409066
14613.0599424
3814.8227616
32256.0701306
25004.9280831
97118.1277389
84185.0435117
71566.5910337
15651.4007786
13914.6710367
19304.8595324
16217.3593540
11401.5001649
39986.0800435
24351.8276861
Case #67:
1073.3282014
1053391.1161044
888.4543470
463.9381899
4259.1543485
60023.5677380
7.0000000
7755.2542280
3959.8452016
362.3546721
98846.0000000
3099.2462412
919.7392114
919.7392114
3959.8452016
1053391.1161044
34880.8979022
831.8184898
43603.0000000
3099.2462412
1958.1049614
43273.5527551
82628.0000000
40.7877062
346.4781890
3739.8386189
3054.9921194
343.5694981
73.3961079
4259.1543485
66980.3694227
297.5399133
60023.5677380
1842.3057444
904.4655161
43273.5527551
10880.1199395
70.7484319
3054.9921194
2089.1277982
40.7877062
297.5399133
208.8133138
4259.1543485
58050.2127814
27.1944293
3404.5088900
1426.9669056
916.0784231
800.3715393
11052.7935825
362.3546721
8.0000000
208.8133138
1533.0201758
85.2568929
800.3715393
1407.1092864
1053391.1161044
916.0784231
85.2568929
362.3546721
1682.9267969
1407.1092864
4402.2561310
208.8133138
66980.3694227
34790.2111824
904.4655161
3099.2462412
2428.5412642
3.0000000
2089.1277982
Case #68:
138529.2551327
228461.7637702
20430776.3325510
24189.2794191
94368.0130124
5249.2682396
27313.4864649
26915.9774814
35471.7352084
28092.2632327
1628.4880065
68157.9772005
77195.7854881
33932.5265992
26453.1457122
42335.1486565
33322.7658776
7813.8991261
9408.1624901
2490.6325510
15970.0649845
24730.6536830
30188.3832533
29921.9163538
9176.4221665
23598.0136946
97234.6245294
51187.9928352
65184.2911111
164427.7988081
338109.2454221
9899.7487081
7727.4857507
52947.9299010
17919.0131537
42670.3850390
17491.6266326
89497.4458533
29.9918178
30714.1063908
99174.8301020
12527.8907648
57357.5163153
9614.5671224
20770.5860545
126229.9990506
11923.5792123
106860.3011563
278580.5516983
13258.1997865
137277.1186853
30758.4410077
20692.4051264
76778.4972252
Case #69:
60626.5985993
63888.9093322
75744.5374468
4555.5643052
33474.4942085
903891.5894087
30652.1580165
31408.5491187
33549.4559045
2334.9758736
517.7854183
283908.1847799
322620.4940449
56320.9225106
18786.6135627
68356.6351290
15869.4485746
180266.8035707
78396.0057254
42842.5334645
205809.1040876
47597.9305754
112233.3163602
84742.4326112
38067.3005524
15137.4506904
13939.9007408
24241.8004155
3486081.4230679
22532.5124069
28613967.2042264
99422.8715690
195638.9617606
181554.0843588
55996.2416715
108552.8373378
35512.9618902
5130.3891343
127.3539761
11337.0713547
49127.5217292
24384.1134592
159000.6146735
8837.4378312
35641.0699296
11254.8337811
15564.5853178
40428.0896138
12357.9154964
21967.2030591
73312.6174015
2239.6380113
67156.7234933
7978.3827935
24090.8603604
38341.9129689
13045.7597836
105093.3878036
8562.0558982
35676.8614285
56613.5932410
1096247.4694847
30861.2582262
50411.2175257
175407.5954235
7962.0549172
68764.1239298
19242.7332889
96774.5803570
132601.1158287
2444067.6543449
22757.0264649
56299.6921664
18201.3756742
32571.6904472
20703.1608389
27103.3677429
22248.5377252
333514.9858270
43360.0025429
79804.8306069
Case #70:
999999500.4999583
999999500.8127711
999999500.8877338
999999500.4713725
999999500.8252596
999999501.1848830
999999500.8208839
999999500.9425565
999999501.1562083
999999501.4863358
999999501.2080392
999999501.5409088
999999501.9756669
999999501.9229573
999999501.5313985
999999501.8385371
999999501.5091047
999999501.1281375
999999501.5966998
999999501.5738626
999999501.8734279
999999501.5637991
999999501.1328828
999999501.3858336
999999501.4692208
999999501.8994457
999999501.4157697
999999501.3010890
999999501.5009873
999999501.9536146
999999501.9793400
999999501.6532093
999999502.0919007
999999502.3463908
999999502.0486128
999999502.0538446
999999501.8339834
999999501.9168848
999999501.5030770
999999501.4265974
999999501.6562084
999999501.2012098
999999500.7139460
999999500.5516827
999999500.4131384
999999500.7099061
999999500.2819291
999999500.0188463
999999500.0083618
999999499.5677819
999999499.8157480
999999500.0958489
999999500.2689458
999999499.7708139
999999499.5834681
999999499.8634506
999999499.4363992
999999499.3339988
999999499.0073895
999999498.9276949
999999498.4340011
999999498.6080523
999999498.3624319
999999498.8804282
999999498.6634201
999999498.6919371
999999498.5406437
999999498.6784151
999999498.9581130
999999498.8055438
999999498.7289907
999999498.2227787
999999497.8458637
999999497.9740685
999999497.6943429
999999497.3707693
999999497.3040709
999999497.7572715
999999497.9847740
999999498.5048445
999999498.6869150
999999499.0913622
999999498.8932047
999999499.1897076
999999498.7434083
999999498.7944940
999999498.9988644
999999499.0021490
999999499.0273707
999999498.9000680
999999499.2120463
999999498.9779561
999999498.7532623
999999499.2072351
999999498.8178391
999999499.3458148
999999499.5154451
999999499.3665143
999999499.3247920
999999499.0066175
Case #71:
10353.3764051
16213.2942105
69337214.4682502
22133.5768777
18562.3115564
17678.8229649
1821.1195328
34818.4349981
10325.8976598
48908.5325036
16852.2544726
10325.8976598
49646.1792521
29650.4138246
21240.7169904
21701.0056956
1767.6281991
4810.1462588
1069865.8164425
46418.3801353
24917.3504310
40668.1409644
22653.5564326
57745.0630048
12584.7449898
368156.2177815
46468.9134191
32243.3038671
7127.8013576
22433.0821002
51177.8387668
40964.5936309
49408.9453385
1463.9210547
3340.5917585
12584.7449898
32242.8035664
16995.7879511
89861.3846142
6410.9883289
46468.9134191
17694.0853856
893642256.9999999
8322.7795362
20642.0013737
16694.5636400
66119.3105302
14684.6859552
9124.1850122
20044.8755144
34398.2681755
15101.7720171
Case #72:
4299641.7510672
2565.9395313
2434.6375062
270491.5252764
865714.2669504
8596.4355404
5610.2823428
28956773.5609181
19048.7454532
28732.0000000
Case #73:
6800.5754181
20958.8519895
44109.4403582
8696.9519442
67317.0525729
60952.1704782
63148.6667093
34946.2141892
49005.6036341
37610.7346083
45097.8074424
54947.9844035
72837.7529685
60624.8969222
63582.6778915
54161.7730318
42265.9224543
59368.3302799
67261.5303637
64830.2384632
35898.0560498
55929.1307975
76954.6715709
193236.5893430
66593.3176659
45158.2966850
59904.7520661
16716.9057791
12884.9202804
52713.7866005
38939.1469731
16281.8435072
61754.4366972
46348.7415112
67605.5803197
66978.5320386
55817.3583497
120239.7339282
55142.6454514
102977.8542843
221926.0362893
139091.6484616
28579.1937479
65668.8552293
68726.6700161
20490.2458830
63600.4745350
69273.4718020
60306.6105909
39710.7431179
50922.3547359
47011.1683849
35998.1020537
61875.1347959
58415.2307052
59077.0222701
55445.5078404
70325.2165830
37740.3347239
51309.1104512
51598.6564674
109590.0732857
94198.0295973
79980.4910183
32267.8927389
36518.4244508
37747.6462782
27369.1683793
42273.5271792
79054.1875421
64171.3943195
78076.9581614
2643855.7399638
64152.6733269
70666.4683620
60083.6008012
67938.4102763
29344.7608738
56054.4348689
41419.6927925
68064.0335868
12423.8366037
78800.0515424
67241.8200191
61621.9281636
43027.4160836
38955.1962163
46244.2594805
63087.6218513
47710.5454511
46448.9207281
43937.0030047
28545.3687021
21513.0432132
77720.9199240
70340.0726595
97169.5813103
55558.7275430
70717.8190686
38240.5056916
Case #74:
28220.4705209
69403.9593895
20973.4682490
32601.4438492
32334.4132317
32221.0504053
41923.1884521
67102.2303323
12255.6537956
40708.6689625
41303.0925240
58190.0851706
39941.5097404
65629.4618579
36788.7107878
17407.8782375
45279.4812151
42458.1383736
40264.5599546
39364.4924917
34506.5026500
6839.8012224
41751.2426847
55048.9283157
26235.2466703
34351.1576137
90027.0808707
51250.0474055
67232.7256041
19717.9919517
327903.8694457
59687.6344967
2162.9779561
64154.0394560
34606.2686901
45589.0513690
39691.1310251
158381.6725418
48569.7784645
61948.1733139
27612.0921681
39208.3032548
35313.3832694
45699.8872453
37481.3623431
69639.9145024
70436.1979111
51159.0257338
27159.9842932
45473.3594403
37435.4834812
29148.9222602
38040.8294447
31569.6840561
27275.7544532
50037.6509928
61933.0684600
35603.8414226
13377.4528232
28418.5731758
29397.9532222
52689.3141073
564263.3263098
45846.0991297
44437.3430881
12027.7356820
15793.2796063
34075.7018335
44884.1472107
32031.9015113
76370.0500757
51469.1761501
20717.7446282
87285.8007750
36668.7176680
38696.9666236
107398.4083330
28174.5810222
21330.6229677
26457.0744074
35251.3590529
64135.6965239
855.4018247
37978.5897122
43134.7596349
39150.9442927
33743.7284268
29568.5539105
39066.7746560
28960.2778942
28374.8532359
31915.2335689
37694.3361558
49119.7378940
61761.7994926
29652.8408291
111505.4571718
32643.6706808
70642.2094600
49162.1551385
Case #75:
87186.5428689
63353.4763065
49538.7751500
38920.2997860
105195.5625026
9167.3603464
80012.6906257
68732.1596666
39205.6049099
480336.4649440
6112.8751123
71896.2619598
48234.3828753
78616.5413003
50341.4848479
197953.3699226
5881.6305664
48703.6113352
49383.3339804
12562.2856538
90040.0839356
273377.4892403
382.3953161
115992.4213767
341.1453315
107130.9334465
72873.9075577
105117.5532056
45527.3274498
147767.9879177
6873249.6915630
19372.4328482
83107.7685883
58713.3835601
21354.8895682
1810.2690207
479193.7250906
48273.3003852
44.2126415
30512.0046674
24717.9088261
62767.9859361
80012.6906257
131394.6818147
261227.3784423
116704.5761159
160302.1633709
22355.1594872
122888.8655956
20708.8243549
24763.3451757
176129.1828229
7073.8212209
110063.1128887
12934.6303141
16930.5313810
28549.6146221
21714.1696175
107675.9290670
77041.5583253
58489.9345148
41808.9297280
34378.5134684
18161.4803254
234253.9616459
63547.8764203
646.7255987
406655.3689975
33201.9856394
21171.6663433
46323.5604068
77242.9594878
58277.4722585
78235.8592121
38496.1504739
376075.3714147
22963.7269734
Case #76:
139232.0182201
400908.5897439
387420.5461691
170563.4635821
938162.9554028
1315335.1060067
64677.6269838
40473449.1676630
1750.8949979
159949.4832485
450640.1130541
923145.1757098
88924.8671363
257194.7056528
1547582.9798080
390527.8140230
1194868.9545511
537867.0889493
210534160.6346980
28808.5316526
206017.7717774
41741.5550450
Case #77:
56007.0893935
76757.2942355
47511.0208243
99691.4230286
29489.9106271
57883.7551476
46089.3193629
161892.0466614
31799.8099839
279197.8698191
51763.1195452
35366.0196278
52712.2397221
956412.9804191
51185.3188004
45169.8452053
44519.9132342
55342.5661382
40787.8016771
52768.2263143
53379.7578332
37829.3260544
47554.1746239
40295.9143329
49943.2117333
47490.2324598
59291.3451427
45796.4601081
83049.1881851
116638.4803243
46458.0294650
49263.0869988
46295.6021485
57961.9673918
50008.5024770
42472.7341823
59588.5707819
49538.0398410
43901.7195061
55344.1470579
48892.7713994
52127.1038807
43372.5887236
425617.1763651
55467.6773143
49100.0237867
50588.9244218
42431.2654522
52160.5361516
15919.8827355
41766.0832243
46501.4274559
45502.5234820
39369.9744358
54199.9717359
64454.1727197
48091.8258406
45054.6533481
44360.4807344
41192.4864416
47058.8529688
60458.9210138
52696.4663274
50809.9277621
47670.2382625
9460.7202901
43835.9986672
47162.0837342
47151.3640287
47768.9906158
34143.3282046
46456.8815171
60076.3386275
44504.0566535
51263.0702363
57630.2181214
51927.3489124
47431.0153143
55855.0055769
53260.0766120
40542.7084025
188080.4803965
41271.0037097
57548.4014292
53233.8850531
51114.8900987
47238.2095745
47563.5238854
40962.0274278
50608.6209131
27126.0079576
51953.3140987
54078.2424078
67238.1891406
38291.1861995
38461.3547871
82829.6514309
56940.9271972
192369.0805258
45794.3831689
Case #78:
37008.7469759
159138.9636244
63620.8438326
10712.5628785
102607.5379282
15555.2462617
7868.1350831
85418.3137453
236527.5471569
101245.3380470
251705.9821166
481356.9831754
76091.6865584
29546.3370696
25751.6619367
26288.6055245
Case #79:
341534163.1652976
146207510.5952148
97235.0317522
146207510.5952148
207353.1162508
647712.1939785
255.7476683
282002.5494221
598864693.9999999
33797.8422142
28163.4490114
5.0000000
242855.3829615
101292.7136707
42012.8356035
17633261.0669343
934184.0374808
302801.6395318
233931851.6660290
5239.0000000
111032.9929389
4176.5227009
19041064.4396088
313015.2666706
67518.5869228
377845.3849493
5.4772256
90165.4002803
23421.1369559
117129.1623435
1021315.0624124
218046.1210732
544173.2611530
280524.5201046
330435.4800442
250628.0080415
488403.6045253
250628.0080415
207353.1162508
124457.4338615
Case #80:
150848.3166397
109699.9498041
358.8165125
32563.0339865
185117.8792772
17610.5708195
248971.1923931
380.1789053
298860.1832805
42912.7820153
136342.9333656
32070.6507067
96323.2530870
113949.4908148
Case #81:
29496.2249004
47069.3490753
3864455.0792030
71567.2204718
68632.0510031
20000.2518708
40003.0523424
12350.1341693
52180.0963091
8703.0813147
52471.2735174
134.7516234
81262.5097987
95767.6244618
38398954.7018439
6510.9153558
22139.0516243
25447.2783318
8871.1689728
31351.6715008
112147.3544343
50331.9012428
3393.6167023
38434.0902409
58161.1697634
12965.8391794
16698.0163949
29057.7721291
27877.1848843
114445.4195253
93.8088351
68295.3107975
7470.8232648
31626.0766141
31094.1566201
767995.8833760
21514.2509035
39670.0000000
18430.2678198
5052676.9606177
28976.1729011
22416.5819578
381590.7942742
8757.4532994
32518.2383223
21942.4882964
59350.0761354
83634.5022322
38918.3742578
80973.3901355
50060.0545257
Case #82:
46128.2386170
36126.1643440
63446.6214898
38513.1233711
63698.9964674
27289.6443284
41961.6346969
81346.9187553
46711.9809347
41442.8200783
37334.3175451
29929.6250777
29840.1313955
25731.2726787
199060.4071701
37215.3114881
47151.5609452
56318.6991273
109345.3194386
43617.0093738
122268.0378711
53082.5429344
40548.0613656
42080.1963203
8582.6819092
189874.7911768
51012.2006516
77828.6527542
39941.6919661
71601.4229794
15381.6166253
41340.2279165
58522.7059293
31648.1310093
38894.0358969
48936.4586845
46155.5033591
45596.9152587
32792.0044706
35583.2138144
24299.3859546
38230.7136870
35141.1629376
84700.1918666
54660.1837927
42349.9185403
61894.3016471
39193.4746923
39646.1972587
38877.8973913
30628.8570407
35903.5402346
63125.9472157
80751.0576045
34282.7507802
23376.5465096
293790.4926841
51218.6707627
55489.8369734
75965.1785877
47639.7250393
44549.3575008
30579.9081389
44853.7579707
49835.8966748
43729.2944020
42164.6813837
42334.6421442
51743.1208032
45878.7153848
79253.5287239
46838.1963635
36495.3352901
11424.0686125
27690.3935785
61378.7122161
41726.1564676
2609.9988467
34763.0557358
44522.2656680
76588.3091359
35245.8761124
130713.0445922
47231.1274208
73713.6921281
42237.0475833
36349.4516529
63244.3947906
57135.4425224
38241.4263622
23863.3948811
33118.4451898
37787.3022252
40383.8442092
44542.4846636
46194.7437590
34592.8143179
166658.9709078
53233.0997314
43699.6689513
Case #83:
26087.6758330
26708.3187771
36060.8630531
7289.2688755
74085.5908267
35538.6447074
38291.9920413
22983.1150149
52240.3029853
28562.5762236
42424.9747693
76015.9285379
41786.2960994
40801.9307775
45420.1783872
46977.2572639
74621.4302003
6494.4067953
50303.2486742
27153.4485683
66400.3709235
51323.4384104
341216.9206247
69580.7438926
32926.6077559
44712.5690665
69824.8589798
25661.2290526
59122.7560891
27468.7685847
40125.4859058
38864.5439362
41943.8999451
26039.5333332
48316.9674632
38587.6715328
36628.9372677
62402.7967261
62684.2947377
40565.3585273
38782.7621089
39748.1415552
46749.1357170
14587.6849808
10569.1695156
20346.8372417
26192.4661161
42913.1830078
96423.9340348
25868.8857611
32416.0007227
37134.6811686
50597.9785729
39606.3881923
40217.2082528
43233.2691023
71114.3127463
50416.5233344
19585.9161353
74147.3736504
35718.4266335
24341.5497841
44148.4630195
20488.5304921
29125.7768295
22895.8066638
504159.6194517
75878.8867461
38715.0048701
35934.8335669
12811.8008466
62145.6912272
37559.8481282
40602.2050035
24890.1505913
13889.2512612
165738.5934312
73379.7082891
27295.4615957
47523.2411718
35693.6056099
28332.1769650
30046.2537379
62349.8063549
110700.7797538
47057.9690040
25980.4068154
38806.7115712
50880.5285920
38631.6857101
45043.0537959
52237.3096853
60355.2419359
48743.2620379
42388.5451423
99681.8441174
23976.0624894
8047.0860350
53297.9757615
23061.0651013
Case #84:
999999999.9999999
Case #85:
10658.0902421
152382.8924573
47092.4692607
77966.9260090
232262.7745159
250194.0353853
26978.1214975
62045.8716568
29091.5920217
39355.9066996
11087.3588504
77572.4084199
97082.0827687
22198.8854441
26443.8457529
17849.7955449
115740.6929441
43454.1240383
50981.6102342
97845.3192114
13581.4853972
487.1773283
22669.5144970
65021.6768440
24535.3162329
93386.1640778
124027.8818037
97843.9205179
123715.1794166
34149.8493179
3440.7951092
4676.1541416
22565.8189244
8672.9314930
88324.0061347
8068.7180652
12924.3176730
44071.1438072
43101.7525691
14682.8372402
36285.7344732
116612.7258581
29287.7123990
222126.2295777
156090.9252955
97770.3125512
15045.5588172
132624.0534883
41919.2399397
185074.5458370
74699.5809117
40554.3610171
106208.7329030
82767.4033988
9951.7057318
20424.0834183
97441.7257845
76190.9481365
113431.6448102
75419.3517409
170358.2948189
23950.6441392
97776.1507170
5216.7520165
355256.4538370
21236.7203595
65720.8914177
Case #86:
1612283.4178509
123011.8247179
17814.0435744
270998.6964279
540063.7368305
43076.7302417
1084880.9603895
69492.8091396
11330.8685392
9396.8945914
123011.8247179
73806.7805115
95.8864398
2596.5440846
44616.0306825
20156.4888107
175271.0745176
75913.9590510
73806.7805115
99354.6969699
328.1842139
69400.4597887
328.1842139
35942.6513617
871.6297282
32356.7928444
Case #87:
17321.9575083
9681.1412085
32632.6200384
21823.2032123
64657.3605713
31739.6463124
9521.2783960
46028.1278177
22190.7680719
7373.3276152
49829.5387541
40824.7619461
24607.9258277
10307.0536536
46611.6178339
28837.8551061
25855.6530964
30306.8998718
24724.3074334
30600.8070284
72218.0196649
29919.0827683
132663.6892064
31397.0124335
32420.3169217
24863.9832468
65878.0934440
11145.7504495
26518.0243816
33323.6928742
69790.6541597
14015.5622409
21872.1077045
27540.4643851
39909.2163952
24023.7064265
22332.6062924
58800.3084817
34525.1315269
17938.9705035
27246.0548870
26214.2059536
92554.0299895
21095.3126966
19630.2757833
31929.5712469
84010.1175794
31506.9961725
44120.6936002
37100.0314037
67669.8830060
31900.5710303
16847.8535728
15609.9077314
25261.9374859
31900.1343195
23601.8446397
18999.8423539
592342.1290906
76065.6378123
31175.8252943
66962.9511508
36896.7913029
23031.1017697
31946.3069318
20062.8724089
37714.4887766
25133.0338704
26042.3575320
23776.4313624
34189.4646632
138740.0149062
33690.8039813
23607.3553769
22812.8944446
35595.6861934
26542.0502572
34973.4801525
26054.6418100
33916.4226205
10832.9572655
21802.1735627
20542.6192923
7911.5689746
28932.3145825
21732.7777504
28223.4655237
36017.8002903
14132.8980619
29651.2743641
30517.0723020
22716.9620113
28686.9274662
58785.9562028
24835.0638183
24262.1443826
11525.7879760
29419.5700692
15936.4279836
15221.4700974
Case #88:
1041.7160570
1082.2352932
2269.6045729
1959.9269394
15006.9572910
1300.6035936
3237.5815021
3473.9701739
668.7782214
Case #89:
2806.7268618
56873.1695894
114259.8420467
77779.3516955
24383.4192642
47043.9360154
54123.4549764
34977.0984549
1282976.4779532
25043.7320705
73071.8564897
899332.5293244
20257.4374216
54817.9532233
2620213.4358377
7853.1338361
8578.6177757
12629.3452820
469.2632451
39086.4911934
38871.3618537
146449.7033484
13474.0685234
67850.8517115
73678.3067951
55010.3003502
7392.4638342
82058.4900827
42625.5693803
126941.5269289
48558.6364907
7174.1520799
57684.5256182
1215785.0419873
43270.8053554
64825.9025862
60222.5150080
87506.2560951
45901.2175635
40236.6927300
122002.1549672
209620.5444311
63645.8746625
Case #90:
8290126.6963266
290325.3582914
151950.5939344
23795349.5097588
210082.6580331
714531.5618284
571.9440532
96417.0000000
146988.7388169
391792.4650989
79.0308057
6044661.4293616
1024002.0830813
214817.7721860
276760.6227718
83006.0465569
220051.3452534
5451956.5767438
52372.0678702
864997.9795641
146016.7902939
1241289.4235122
559325.9573063
294801.9863291
1650516.2695151
87112.6621353
338749.3034270
658034.8139265
50520.4934266
1510797.1658335
485626.9990053
338650.8430575
6044661.4293616
68858.4683558
198121.3985764
161504.6356205
214817.7721860
934532.1253612
487720.1154148
4134.8378864
3258545.3763845
Case #91:
33034.8801230
5250.5926553
13793.6588139
49782.5430259
7726.5662210
4912.6181321
12078.7706842
22067.3305452
14111.9027614
8426.3619762
14921.7520045
16231.4068141
8938.8335922
5921.6316617
7626.8821545
12863.0748595
15664.7180807
7991.6122030
11721.5542622
9341.2896174
10651.0948703
7454.3363517
12369.0429861
7453.7547877
21828.8251860
8372.8379011
Case #92:
309751.2811693
754806.2254770
3168674.6150597
70365.8216764
224994.0598462
43975.6913760
88479.4691542
83632.5923967
21512.9217096
515094.7347095
1783421.6889168
294981.6939530
3347345.5817836
66963.1220707
11868.0000000
201271.7370977
248878.1850659
32533.1347827
730354.5532802
304426.3802983
352330.7728073
342723.2775415
205049.8262224
160829.7790705
171362.7935534
878889.0699831
1154199.7047361
102508.9547827
434659.1858308
1715649.9688346
41818.0000000
348114.1033684
338201.8260628
1449513.6520263
105001.8429769
89034.1928915
120042.9511502
1156226.7389708
878889.0699831
201271.7370977
222210.7624817
3796508.0653355
89034.1928915
371837.5967342
32312.1876505
30294.7336329
176699.9562960
388365.4360184
660950.3293086
1449513.6520263
398253.8853509
289877.0021410
697245.1995766
Case #93:
28955.8020253
124241.3962081
1549.9183156
43815.5933295
27856.4482032
2389538.0000000
262.5638594
110392.2349324
410554.3328938
636.7990264
5088.3066877
45245.0276235
10425.6282335
102794.8510435
6434.5302794
16749.3211698
177341502.3195917
43348.7771654
957087306.9999999
36181.4819334
1437.8061351
3448.7483237
513.4209086
15451.2183501
84177.5440765
210509.5089319
581974495.9999999
23369.2509021
27068.4375376
40591.0858374
21651.0204190
5722.7395221
46571.5510642
44219.2566229
16705.8570531
14833.3745934
30447.1958448
10.0000000
5088.3066877
65739.2194600
398877.0344376
25233.3177374
99176.5335705
Case #94:
2470605.1540930
424758.7292762
199234.4913892
1803.9611727
469343.0886105
527910.1255521
810380.9403741
1053978.5972760
Case #95:
20860.1306144
141194.9269141
75526.9293189
91605.1709540
37246.0168310
12205.1161153
31922.3832915
Case #96:
25409.8119380
829055.9872484
Case #97:
165044.8068759
242988.0063609
11442472.7256220
285086.3383782
213.9401146
267629.3047681
142933.5089372
107384.8291556
693175.3756654
158511.3304827
373734.8827750
3038.7634857
1939288.5384358
84905.2947252
264187.9962181
1994140.9266170
1162001.5291738
126052.0352426
359921.9742783
111178.1793708
165459.6995059
141165.6187084
2079331.0815788
227029.7422616
48488.2813980
105937.2573471
2377058.9644839
3691.7719797
323323.1888958
354970.2435781
624131.4955032
6349688.0842941
267301.2242289
192808.7767549
365236.9745720
2207234.8965800
612750.3947519
202107.3143690
104475.0473864
186270.0666088
149514.4327447
809816.0658345
275891.9643242
382193.1502102
26448.4776313
881362.7601938
193656.0469451
120289.9250018
97614.6884335
112187.0964298
81002.8259544
42585.1909155
415761.6117129
280015.3070196
881362.7601938
91453.4279069
Case #98:
16703.0639589
20812.6850155
23714.2723967
388268.2232820
4896.1651791
17062.7290182
1423261.9748639
223434.4353487
24718.3688193
32379.6422534
42337192.6829549
63827.3134199
18052.3130431
769357.7714354
10577.9903197
40825.7510731
38899.6717732
460.8984415
22319.1610765
12050.6744291
3902.1775461
34428.1096719
8683.9820256
405538.4731200
73859.2652759
20220.1992189
18625.1485590
1087939.5070665
19185.5057935
593943.4488022
32298.4898136
42915.9972272
470227.6553478
35172.5675432
31723.9989774
10584.5193750
47185.3887407
10179.3767741
18507.1189389
13791.5514264
44359.1691223
11216.1090998
Case #99:
39602.5610954
32564.3808613
30882.3776531
63055.2981457
24999.8148997
24374.5714875
54413.9113551
2113481.7903162
46129.0939899
37666.6694878
861509034.9999999
160076.1253847
31370.9916719
45275.6737023
8976513.9565805
6660.2243326
262455.8329138
35567.9988753
129968.7647823
43349.2049965
14596.3540665
37313.0705926
31811.5826081
37920.6048835
20489.9699475
26225.1176828
33629.2542257
42283.8976185
18649.4719006
76208.8713808
5512.0809126
25369.1608992
43343.0993254
149237.0254331
93734.5937928
20508.4473464
36493.2987263
1435.4222250
10739.2419582
110431.7843690
36849.0071966
4847.0659718
28175.6956270
28260.2818678
62323.9797223
55706.7400686
43156.7061174
36266.8340922
18083.4009886
26559.7625894
51569.8117425
66576.6619323
Case #100:
57202.7145614
58403.7180993
1381954.3084442
1129.7611832
25985.5773727
79339.6868169
26578.3190259
35790.9168297
16746.2314702
25625.1052573
67701.7649739
312094.0240069
16333.1750844
52986.3740942
14330.3353727
81178.0841779
12483.2780202
28820.4267453
417035.7728979
93635.2100100
52083.7848344
15509.6882069
17327.5796768
42005.6650363
88011.2027680
1434.7943888
65395.6763206
52070.4663893
75961.3125226
26048.5499174
203038.7676119
42605.8506412
58063.7111327
19852.0802609
225186.3703140
13332.2267006
213314.6793372
25025.9158479
780163.4648863
55798.0000000
